# XGeom fin parameters
# example fin: tapered 300 to 220 mm, LE swept 50 mm, NACA 0015, no camber or pitch
# span_mm     220
# airfoil     naca0015
# ref_xc      0.25
# camber_xc   0.4
# eta  chord_mm  sweep_mm  rake_mm  pitch_deg  t/c  f/c
0.00000000  300.00000000  0.00000000  0.00000000  0.00000000  0.15000000  0.00000000
0.10000000  292.00000000  5.00000000  0.00000000  0.00000000  0.15000000  0.00000000
0.20000000  284.00000000  10.00000000  0.00000000  0.00000000  0.15000000  0.00000000
0.30000000  276.00000000  15.00000000  0.00000000  0.00000000  0.15000000  0.00000000
0.40000000  268.00000000  20.00000000  0.00000000  0.00000000  0.15000000  0.00000000
0.50000000  260.00000000  25.00000000  0.00000000  0.00000000  0.15000000  0.00000000
0.60000000  252.00000000  30.00000000  0.00000000  0.00000000  0.15000000  0.00000000
0.70000000  244.00000000  35.00000000  0.00000000  0.00000000  0.15000000  0.00000000
0.80000000  236.00000000  40.00000000  0.00000000  0.00000000  0.15000000  0.00000000
0.90000000  228.00000000  45.00000000  0.00000000  0.00000000  0.15000000  0.00000000
1.00000000  220.00000000  50.00000000  0.00000000  0.00000000  0.15000000  0.00000000
