# XGeom propeller blade parameters
# the MSc blade as the pipeline builds it: the polynomials of x_blade_new.py at 61 stations from R_VALUES[0]
# diameter_m     1.4
# blades         5
# root_r         0.18
# hub_height_m   0.625
# section_table  airfoil_data_fixed.csv
# r/R  P/D  c/D  t/c  f/c  skew_deg  rake/D
0.18000000  1.24135133  0.24524880  0.21585422  0.03041617  0.27575388  0.00001628
0.18056189  1.24132570  0.24568512  0.21498565  0.03051483  0.28000330  0.00008629
0.18224602  1.24121669  0.24696896  0.21240559  0.03080543  0.29161093  0.00028772
0.18504778  1.24094803  0.24904063  0.20819180  0.03127240  0.30759385  0.00059656
0.18895948  1.24045249  0.25184524  0.20247590  0.03189169  0.32429818  0.00097855
0.19397041  1.23973915  0.25537551  0.19544443  0.03263295  0.33891574  0.00139672
0.20006683  1.23894939  0.25969477  0.18733670  0.03346143  0.35084772  0.00181968
0.20723203  1.23837817  0.26492449  0.17843744  0.03433943  0.36247373  0.00222933
0.21544636  1.23844629  0.27119643  0.16906305  0.03522697  0.37908540  0.00262625
0.22468733  1.23962367  0.27858569  0.15954147  0.03608237  0.40802004  0.00303180
0.23492958  1.24231929  0.28705204  0.15018759  0.03686316  0.45728530  0.00348662
0.24614507  1.24676490  0.29641596  0.14127684  0.03752815  0.53411568  0.00404555
0.25830303  1.25292445  0.30638395  0.13302097  0.03804051  0.64389978  0.00477022
0.27137016  1.26045661  0.31661837  0.12554971  0.03837170  0.78977002  0.00572060
0.28531062  1.26874516  0.32682815  0.11890155  0.03850505  0.97291214  0.00694724
0.30008622  1.27699454  0.33684644  0.11302582  0.03843794  1.19341317  0.00848561
0.31565645  1.28436991  0.34666412  0.10779645  0.03818162  1.45130695  0.01035371
0.33197864  1.29014862  0.35640375  0.10303616  0.03775830  1.74744375  0.01255309
0.34900805  1.29384550  0.36624140  0.09854776  0.03719610  2.08390909  0.01507310
0.36669800  1.29528077  0.37630501  0.09414799  0.03652308  2.46390097  0.01789702
0.38500000  1.29457424  0.38658872  0.08969827  0.03576207  2.89117380  0.02100867
0.40386390  1.29206889  0.39691840  0.08512666  0.03492762  3.36929824  0.02439788
0.42323798  1.28820575  0.40698455  0.08043678  0.03402590  3.90102302  0.02806345
0.44306914  1.28338466  0.41643320  0.07570135  0.03305740  4.48795258  0.03201290
0.46330303  1.27784840  0.42498129  0.07104146  0.03202116  5.13060800  0.03625915
0.48388419  1.27161983  0.43251162  0.06659564  0.03091909  5.82878106  0.04081475
0.50475621  1.26450594  0.43910826  0.06248581  0.02975874  6.58198195  0.04568525
0.52586187  1.25616319  0.44501440  0.05878805  0.02855364  7.38976111  0.05086308
0.54714333  1.24620159  0.45052428  0.05551560  0.02732131  8.25175634  0.05632340
0.56854226  1.23429496  0.45584719  0.05261854  0.02607976  9.16744434  0.06202278
0.59000000  1.22026529  0.46099430  0.05000022  0.02484407  10.13570734  0.06790082
0.61145774  1.20411883  0.46573288  0.04754584  0.02362446  11.15440595  0.07388418
0.63285667  1.18602775  0.46962862  0.04515509  0.02242661  12.22014808  0.07989199
0.65413813  1.16626812  0.47216411  0.04276895  0.02125408  13.32836298  0.08584130
0.67524379  1.14513800  0.47289227  0.04038272  0.02011183  14.47366372  0.09165164
0.69611581  1.12288344  0.47156898  0.03804111  0.01900925  15.65036289  0.09724796
0.71669697  1.09965608  0.46821547  0.03581685  0.01796139  16.85294329  0.10256221
0.73693086  1.07551311  0.46308688  0.03378012  0.01698747  18.07630329  0.10753389
0.75676202  1.05045598  0.45655818  0.03196893  0.01610711  19.31568817  0.11211063
0.77613610  1.02449077  0.44897097  0.03037108  0.01533541  20.56634654  0.11624953
0.79500000  0.99768691  0.44049998  0.02892486  0.01467859  21.82306365  0.11991963
0.81330200  0.97021269  0.43109130  0.02753906  0.01413158  23.07977479  0.12310547
0.83099195  0.94233544  0.42049688  0.02612658  0.01367861  24.32943202  0.12581069
0.84802136  0.91438725  0.40839145  0.02464014  0.01329613  25.56419660  0.12806066
0.86434355  0.88670974  0.39452422  0.02309694  0.01295708  26.77589873  0.12990277
0.87991378  0.85959847  0.37884175  0.02158174  0.01263461  27.95659762  0.13140349
0.89468938  0.83326721  0.36152733  0.02022457  0.01230398  29.09903276  0.13264214
0.90862984  0.80784436  0.34293443  0.01915746  0.01194201  30.19679881  0.13370203
0.92169697  0.78340195  0.32343549  0.01846291  0.01152483  31.24418781  0.13466049
0.93385493  0.76000533  0.30324604  0.01813073  0.01102565  32.23577823  0.13557968
0.94507042  0.73776392  0.28230215  0.01803929  0.01041459  33.16595815  0.13650011
0.95531267  0.71686321  0.26025759  0.01797077  0.00966218  34.02860483  0.13743796
0.96455364  0.69756462  0.23662793  0.01766021  0.00874675  34.81708962  0.13838677
0.97276797  0.68017197  0.21105468  0.01686692  0.00766432  35.52465339  0.13932278
0.97993317  0.66497543  0.18361180  0.01544910  0.00643823  36.14505100  0.14021231
0.98602959  0.65219239  0.15504980  0.01341951  0.00512490  36.67324993  0.14101964
0.99104052  0.64192633  0.12687949  0.01096382  0.00381294  37.10593292  0.14171325
0.99495222  0.63415872  0.10123977  0.00841332  0.00261416  37.44161462  0.14226958
0.99775398  0.62877741  0.08055856  0.00617630  0.00164740  37.68031619  0.14267380
0.99943811  0.62563246  0.06708283  0.00464466  0.00101836  37.82290093  0.14291827
1.00000000  0.62460000  0.06240000  0.00410000  0.00080000  37.87030000  0.14300000
