# XGeom hull parameters
# DARPA SUBOFF bare hull (AFF-1), equations of Groves, Huang and Chang (1989)
# nose_m        1.0159999
# middle_m      2.22885
# tail_m        1.0160002
# cap_m         0.09525
# axisymmetric  1
# x_m  r_m
0.000000000  0.000000000
0.000250667  0.009126517
0.001002422  0.017641862
0.002254522  0.025911439
0.004005731  0.033995430
0.006254322  0.041913717
0.008998076  0.049671887
0.012234284  0.057269057
0.015959753  0.064701108
0.020170806  0.071962305
0.024863287  0.079046201
0.030032566  0.085946208
0.035673542  0.092655970
0.041780646  0.099169627
0.048347853  0.105482006
0.055368680  0.111588767
0.062836200  0.117486507
0.070743043  0.123172838
0.079081406  0.128646444
0.087843059  0.133907117
0.097019357  0.138955770
0.106601243  0.143794440
0.116579261  0.148426269
0.126943564  0.152855473
0.137683924  0.157087295
0.148789740  0.161127943
0.160250054  0.164984511
0.172053555  0.168664897
0.184188595  0.172177694
0.196643197  0.175532085
0.209405071  0.178737715
0.222461622  0.181804563
0.235799965  0.184742809
0.249406936  0.187562690
0.263269107  0.190274361
0.277372798  0.192887755
0.291704091  0.195412447
0.306248841  0.197857528
0.320992695  0.200231484
0.335921103  0.202542091
0.351019332  0.204796328
0.366272482  0.207000299
0.381665499  0.209159180
0.397183194  0.211277186
0.412810251  0.213357559
0.428531249  0.215402570
0.444330673  0.217413548
0.460192931  0.219390927
0.476102368  0.221334306
0.492043285  0.223242529
0.507999949  0.225113772
0.523956613  0.226945645
0.539897530  0.228735300
0.555806968  0.230479539
0.571669225  0.232174931
0.587468649  0.233817923
0.603189647  0.235404945
0.618816705  0.236932519
0.634334399  0.238397353
0.649727417  0.239796427
0.664980567  0.241127069
0.680078795  0.242387023
0.695007203  0.243574503
0.709751057  0.244688232
0.724295808  0.245727474
0.738627100  0.246692049
0.752730791  0.247582337
0.766592963  0.248399273
0.780199934  0.249144328
0.793538277  0.249819481
0.806594828  0.250427180
0.819356701  0.250970303
0.831811304  0.251452095
0.843946343  0.251876123
0.855749844  0.252246203
0.867210158  0.252566343
0.878315975  0.252840675
0.889056334  0.253073388
0.899420637  0.253268669
0.909398655  0.253430637
0.918980541  0.253563291
0.928156839  0.253670457
0.936918492  0.253755749
0.945256855  0.253822525
0.953163698  0.253873866
0.960631218  0.253912551
0.967652046  0.253941050
0.974219252  0.253961513
0.980326357  0.253975785
0.985967332  0.253985408
0.991136611  0.253991645
0.995829093  0.253995502
1.000040146  0.253997756
1.003765615  0.253998982
1.007001823  0.253999593
1.009745576  0.253999863
1.011994167  0.253999964
1.013745377  0.253999994
1.014997477  0.253999999
1.015749231  0.254000000
1.015999898  0.254000000
3.244849898  0.254000000
3.245100566  0.254000000
3.245852321  0.253999998
3.247104421  0.253999979
3.248855631  0.253999885
3.251104223  0.253999565
3.253847977  0.253998712
3.257084186  0.253996784
3.260809656  0.253992915
3.265020710  0.253985821
3.269713193  0.253973701
3.274882474  0.253954145
3.280523451  0.253924046
3.286630557  0.253879520
3.293197765  0.253815850
3.300218595  0.253727438
3.307686118  0.253607788
3.315592963  0.253449501
3.323931328  0.253244305
3.332692984  0.252983101
3.341869285  0.252656041
3.351451173  0.252252617
3.361429194  0.251761782
3.371793500  0.251172081
3.382533863  0.250471797
3.393639683  0.249649114
3.405100001  0.248692280
3.416903505  0.247589777
3.429038548  0.246330491
3.441493154  0.244903878
3.454255032  0.243300128
3.467311587  0.241510310
3.480649934  0.239526518
3.494256909  0.237341992
3.508119085  0.234951232
3.522222780  0.232350092
3.536554077  0.229535853
3.551098831  0.226507285
3.565842690  0.223264685
3.580771102  0.219809901
3.595869335  0.216146330
3.611122490  0.212278910
3.626515512  0.208214081
3.642033211  0.203959744
3.657660273  0.199525191
3.673381276  0.194921035
3.689180705  0.190159113
3.705042967  0.185252386
3.720952410  0.180214829
3.736893331  0.175061311
3.752850000  0.169807461
3.768806669  0.164469543
3.784747590  0.159064312
3.800657033  0.153608880
3.816519295  0.148120569
3.832318724  0.142616782
3.848039727  0.137114856
3.863666789  0.131631937
3.879184488  0.126184854
3.894577510  0.120789996
3.909830665  0.115463205
3.924928898  0.110219680
3.939857310  0.105073883
3.954601169  0.100039471
3.969145923  0.095129230
3.983477220  0.090355033
3.997580915  0.085727804
4.011443091  0.081257505
4.025050066  0.076953132
4.038388413  0.072822723
4.051444968  0.068873383
4.064206846  0.065111311
4.076661452  0.061541831
4.088796495  0.058169427
4.100599999  0.054997767
4.112060317  0.052029708
4.123166137  0.049267291
4.133906500  0.046711693
4.144270806  0.044363157
4.154248827  0.042220876
4.163830715  0.040282856
4.173007016  0.038545746
4.181768672  0.037004676
4.190107037  0.035653112
4.198013882  0.034482767
4.205481405  0.033483592
4.212502235  0.032643873
4.219069443  0.031950434
4.225176549  0.031388942
4.230817526  0.030944294
4.235986807  0.030601044
4.240679290  0.030343839
4.244890344  0.030157829
4.248615814  0.030029027
4.251852023  0.029944606
4.254595777  0.029893136
4.256844369  0.029864747
4.258595579  0.029851255
4.259847679  0.029846236
4.260599434  0.029845077
4.260850102  0.029845000
4.308475102  0.025846504
4.309971039  0.025570156
4.311465500  0.025282390
4.312957010  0.024983139
4.314444097  0.024672353
4.315925293  0.024349994
4.317399137  0.024016042
4.318864173  0.023670492
4.320318957  0.023313351
4.321762053  0.022944646
4.323192036  0.022564415
4.324607495  0.022172712
4.326007033  0.021769608
4.327389270  0.021355187
4.328752840  0.020929547
4.330096399  0.020492801
4.331418620  0.020045077
4.332718199  0.019586516
4.333993853  0.019117274
4.335244322  0.018637520
4.336468374  0.018147436
4.337664800  0.017647216
4.338832419  0.017137070
4.339970079  0.016617218
4.341076658  0.016087892
4.342151062  0.015549337
4.343192232  0.015001810
4.344199141  0.014445577
4.345170795  0.013880917
4.346106234  0.013308118
4.347004536  0.012727479
4.347864814  0.012139308
4.348686219  0.011543923
4.349467941  0.010941650
4.350209207  0.010332824
4.350909287  0.009717787
4.351567490  0.009096892
4.352183166  0.008470493
4.352755707  0.007838957
4.353284548  0.007202653
4.353769168  0.006561957
4.354209088  0.005917250
4.354603875  0.005268917
4.354953137  0.004617348
4.355256532  0.003962933
4.355513759  0.003306064
4.355724564  0.002647130
4.355888740  0.001986502
4.356006125  0.001324493
4.356076602  0.000661038
4.356100102  0.000000000
