# Modified sections, one row per section, root first (rudder_modify.py)
# written      : 01 Oct 2026
# case         : baseline; H = 80 mm (original fitted up to 199.499 mm), 50 sections, TE radius 0.75 mm
# XCAD file    : baseline_sections_xcad_m.dat, these sections then the original loops 83 .. 211 of sections_xcad_with_cap_y0_y200_m.dat (from y = 82.2055 mm)
# frame        : working frame of the extraction, mm: origin at the root LE, x chordwise, y height
# section      : Bezier half-section of degree 4, P0 (0,0) the LE, P4 (1,0) the sharp TE,
#                the inner control points P1 .. as below, fractions of the sharp chord cs_mm;
#                mirrored, TE rounded with radius r (fraction of cs_mm) tangent to it
# columns
#   section      section number, 1 = root
#   y_mm         height of the section
#   x_le_mm      LE (on the modified LE curve); x_te_mm the rounded TE (on the TE line)
#   chord_mm     x_te_mm - x_le_mm; cs_mm the sharp chord
#   r_mm         TE radius; t_c the thickness over chord_mm, at x_t_c (fraction of chord_mm)
#   rle_mm       LE radius (from P0, P1, P2)
#   P1x ..       the inner control points
#
# section      y_mm     x_le_mm     x_te_mm   chord_mm      cs_mm          r     r_mm       t_c     x_t_c    rle_mm        P1x        P1z        P2x        P2z        P3x        P3z
        1    0.0000     0.00000   180.28761   180.2876   183.8796  0.0040788   0.7500   0.16182   0.31264    6.0618  0.0000000  0.0733667  0.2177062  0.0733667  0.3000000  0.1235624
        2    1.6327     0.11429   180.05585   179.9416   183.5336  0.0040864   0.7500   0.16183   0.31265    6.0504  0.0000000  0.0733667  0.2177060  0.0733667  0.3000000  0.1235623
        3    3.2653     0.22857   179.82408   179.5955   183.1876  0.0040942   0.7500   0.16183   0.31266    6.0390  0.0000000  0.0733666  0.2177058  0.0733666  0.3000000  0.1235621
        4    4.8980     0.34286   179.59232   179.2495   182.8417  0.0041019   0.7500   0.16184   0.31267    6.0276  0.0000000  0.0733666  0.2177056  0.0733666  0.3000000  0.1235620
        5    6.5306     0.45714   179.36056   178.9034   182.4957  0.0041097   0.7500   0.16184   0.31268    6.0161  0.0000000  0.0733666  0.2177054  0.0733666  0.3000000  0.1235619
        6    8.1633     0.57143   179.12879   178.5574   182.1497  0.0041175   0.7500   0.16185   0.31269    6.0047  0.0000000  0.0733665  0.2177052  0.0733665  0.3000000  0.1235618
        7    9.7959     0.68571   178.89703   178.2113   181.8037  0.0041253   0.7500   0.16186   0.31271    5.9933  0.0000000  0.0733665  0.2177051  0.0733665  0.3000000  0.1235616
        8   11.4286     0.80000   178.66526   177.8653   181.4577  0.0041332   0.7500   0.16186   0.31272    5.9819  0.0000000  0.0733665  0.2177050  0.0733665  0.3000000  0.1235615
        9   13.0612     0.91429   178.43350   177.5192   181.1117  0.0041411   0.7500   0.16187   0.31273    5.9705  0.0000000  0.0733665  0.2177049  0.0733665  0.3000000  0.1235613
       10   14.6939     1.02857   178.20173   177.1732   180.7657  0.0041490   0.7500   0.16187   0.31274    5.9591  0.0000000  0.0733665  0.2177048  0.0733665  0.3000000  0.1235612
       11   16.3265     1.14286   177.96997   176.8271   180.4197  0.0041570   0.7500   0.16188   0.31276    5.9477  0.0000000  0.0733665  0.2177048  0.0733665  0.3000000  0.1235610
       12   17.9592     1.25714   177.73820   176.4811   180.0737  0.0041650   0.7500   0.16189   0.31277    5.9363  0.0000000  0.0733664  0.2177048  0.0733664  0.3000000  0.1235608
       13   19.5918     1.37143   177.50644   176.1350   179.7277  0.0041730   0.7500   0.16189   0.31278    5.9249  0.0000000  0.0733664  0.2177049  0.0733664  0.3000000  0.1235607
       14   21.2245     1.48571   177.27468   175.7890   179.3818  0.0041810   0.7500   0.16190   0.31279    5.9135  0.0000000  0.0733664  0.2177050  0.0733664  0.3000000  0.1235605
       15   22.8571     1.60000   177.04291   175.4429   179.0358  0.0041891   0.7500   0.16191   0.31281    5.9021  0.0000000  0.0733664  0.2177051  0.0733664  0.3000000  0.1235603
       16   24.4898     1.71429   176.81115   175.0969   178.6898  0.0041972   0.7500   0.16191   0.31282    5.8907  0.0000000  0.0733665  0.2177053  0.0733665  0.3000000  0.1235601
       17   26.1224     1.82857   176.57938   174.7508   178.3438  0.0042054   0.7500   0.16192   0.31283    5.8793  0.0000000  0.0733665  0.2177055  0.0733665  0.3000000  0.1235599
       18   27.7551     1.94286   176.34762   174.4048   177.9978  0.0042135   0.7500   0.16192   0.31284    5.8678  0.0000000  0.0733665  0.2177058  0.0733665  0.3000000  0.1235596
       19   29.3878     2.05714   176.11585   174.0587   177.6518  0.0042217   0.7500   0.16193   0.31286    5.8564  0.0000000  0.0733665  0.2177061  0.0733665  0.3000000  0.1235594
       20   31.0204     2.17143   175.88409   173.7127   177.3058  0.0042300   0.7500   0.16194   0.31287    5.8450  0.0000000  0.0733666  0.2177065  0.0733666  0.3000000  0.1235592
       21   32.6531     2.28571   175.65232   173.3666   176.9599  0.0042382   0.7500   0.16194   0.31288    5.8336  0.0000000  0.0733666  0.2177069  0.0733666  0.3000000  0.1235589
       22   34.2857     2.40000   175.42056   173.0206   176.6139  0.0042466   0.7500   0.16195   0.31289    5.8222  0.0000000  0.0733666  0.2177074  0.0733666  0.3000000  0.1235586
       23   35.9184     2.51429   175.18880   172.6745   176.2679  0.0042549   0.7500   0.16196   0.31291    5.8108  0.0000000  0.0733667  0.2177080  0.0733667  0.3000000  0.1235584
       24   37.5510     2.62857   174.95703   172.3285   175.9219  0.0042633   0.7500   0.16196   0.31292    5.7994  0.0000000  0.0733667  0.2177086  0.0733667  0.3000000  0.1235581
       25   39.1837     2.74286   174.72527   171.9824   175.5759  0.0042717   0.7500   0.16197   0.31293    5.7880  0.0000000  0.0733668  0.2177093  0.0733668  0.3000000  0.1235578
       26   40.8163     2.85714   174.49350   171.6364   175.2299  0.0042801   0.7500   0.16198   0.31295    5.7765  0.0000000  0.0733669  0.2177101  0.0733669  0.3000000  0.1235575
       27   42.4490     2.97143   174.26174   171.2903   174.8840  0.0042886   0.7500   0.16198   0.31296    5.7651  0.0000000  0.0733669  0.2177109  0.0733669  0.3000000  0.1235571
       28   44.0816     3.08571   174.02997   170.9443   174.5380  0.0042971   0.7500   0.16199   0.31297    5.7537  0.0000000  0.0733670  0.2177118  0.0733670  0.3000000  0.1235568
       29   45.7143     3.20000   173.79821   170.5982   174.1920  0.0043056   0.7500   0.16200   0.31299    5.7423  0.0000000  0.0733671  0.2177128  0.0733671  0.3000000  0.1235564
       30   47.3469     3.31429   173.56644   170.2522   173.8460  0.0043142   0.7500   0.16200   0.31300    5.7309  0.0000000  0.0733672  0.2177139  0.0733672  0.3000000  0.1235560
       31   48.9796     3.42857   173.33468   169.9061   173.5000  0.0043228   0.7500   0.16201   0.31302    5.7195  0.0000000  0.0733673  0.2177150  0.0733673  0.3000000  0.1235556
       32   50.6122     3.54286   173.10292   169.5601   173.1541  0.0043314   0.7500   0.16202   0.31303    5.7080  0.0000000  0.0733675  0.2177162  0.0733675  0.3000000  0.1235552
       33   52.2449     3.65714   172.87115   169.2140   172.8081  0.0043401   0.7500   0.16202   0.31304    5.6966  0.0000000  0.0733676  0.2177176  0.0733676  0.3000000  0.1235548
       34   53.8776     3.77143   172.63939   168.8680   172.4621  0.0043488   0.7500   0.16203   0.31306    5.6852  0.0000000  0.0733677  0.2177190  0.0733677  0.3000000  0.1235543
       35   55.5102     3.88571   172.40762   168.5219   172.1161  0.0043575   0.7500   0.16204   0.31307    5.6738  0.0000000  0.0733679  0.2177204  0.0733679  0.3000000  0.1235539
       36   57.1429     4.00000   172.17586   168.1759   171.7702  0.0043663   0.7500   0.16204   0.31309    5.6624  0.0000000  0.0733680  0.2177220  0.0733680  0.3000000  0.1235534
       37   58.7755     4.11429   171.94409   167.8298   171.4242  0.0043751   0.7500   0.16205   0.31310    5.6509  0.0000000  0.0733682  0.2177237  0.0733682  0.3000000  0.1235529
       38   60.4082     4.22857   171.71233   167.4838   171.0782  0.0043840   0.7500   0.16206   0.31311    5.6395  0.0000000  0.0733684  0.2177255  0.0733684  0.3000000  0.1235524
       39   62.0408     4.34286   171.48056   167.1377   170.7323  0.0043928   0.7500   0.16206   0.31313    5.6281  0.0000000  0.0733685  0.2177273  0.0733685  0.3000000  0.1235518
       40   63.6735     4.45714   171.24880   166.7917   170.3863  0.0044018   0.7500   0.16207   0.31314    5.6167  0.0000000  0.0733687  0.2177293  0.0733687  0.3000000  0.1235513
       41   65.3061     4.57143   171.01704   166.4456   170.0403  0.0044107   0.7500   0.16208   0.31316    5.6052  0.0000000  0.0733689  0.2177314  0.0733689  0.3000000  0.1235507
       42   66.9388     4.68571   170.78527   166.0996   169.6944  0.0044197   0.7500   0.16209   0.31317    5.5938  0.0000000  0.0733692  0.2177336  0.0733692  0.3000000  0.1235501
       43   68.5714     4.80000   170.55351   165.7535   169.3484  0.0044287   0.7500   0.16209   0.31319    5.5824  0.0000000  0.0733694  0.2177358  0.0733694  0.3000000  0.1235494
       44   70.2041     4.91429   170.32174   165.4075   169.0024  0.0044378   0.7500   0.16210   0.31320    5.5710  0.0000000  0.0733696  0.2177382  0.0733696  0.3000000  0.1235488
       45   71.8367     5.02857   170.08998   165.0614   168.6565  0.0044469   0.7500   0.16211   0.31322    5.5595  0.0000000  0.0733699  0.2177408  0.0733699  0.3000000  0.1235481
       46   73.4694     5.14286   169.85821   164.7154   168.3105  0.0044561   0.7500   0.16211   0.31323    5.5481  0.0000000  0.0733701  0.2177434  0.0733701  0.3000000  0.1235474
       47   75.1020     5.25714   169.62645   164.3693   167.9645  0.0044652   0.7500   0.16212   0.31325    5.5367  0.0000000  0.0733704  0.2177461  0.0733704  0.3000000  0.1235467
       48   76.7347     5.37143   169.39468   164.0233   167.6186  0.0044744   0.7500   0.16213   0.31326    5.5252  0.0000000  0.0733707  0.2177490  0.0733707  0.3000000  0.1235460
       49   78.3673     5.48571   169.16292   163.6772   167.2726  0.0044837   0.7500   0.16214   0.31328    5.5138  0.0000000  0.0733710  0.2177520  0.0733710  0.3000000  0.1235452
       50   80.0000     5.60000   168.93116   163.3312   166.9267  0.0044930   0.7500   0.16214   0.31329    5.5024  0.0000000  0.0733713  0.2177551  0.0733713  0.3000000  0.1235444
