Section # | X1 | X2 | T1 | T2 | r

        1  0.2176845|0.3000000|0.0733644|0.1235665|0.0040788
        2  0.2176858|0.3000000|0.0733646|0.1235661|0.0040864
        3  0.2176871|0.3000000|0.0733647|0.1235657|0.0040942
        4  0.2176885|0.3000000|0.0733648|0.1235653|0.0041019
        5  0.2176898|0.3000000|0.0733650|0.1235649|0.0041097
        6  0.2176912|0.3000000|0.0733651|0.1235644|0.0041175
        7  0.2176927|0.3000000|0.0733652|0.1235640|0.0041253
        8  0.2176941|0.3000000|0.0733654|0.1235636|0.0041332
        9  0.2176955|0.3000000|0.0733655|0.1235631|0.0041411
       10  0.2176970|0.3000000|0.0733657|0.1235627|0.0041490
       11  0.2176985|0.3000000|0.0733658|0.1235622|0.0041570
       12  0.2177000|0.3000000|0.0733660|0.1235618|0.0041650
       13  0.2177016|0.3000000|0.0733661|0.1235613|0.0041730
       14  0.2177031|0.3000000|0.0733663|0.1235609|0.0041810
       15  0.2177047|0.3000000|0.0733664|0.1235604|0.0041891
       16  0.2177063|0.3000000|0.0733666|0.1235599|0.0041972
       17  0.2177079|0.3000000|0.0733667|0.1235594|0.0042054
       18  0.2177095|0.3000000|0.0733669|0.1235590|0.0042135
       19  0.2177111|0.3000000|0.0733670|0.1235585|0.0042217
       20  0.2177128|0.3000000|0.0733672|0.1235580|0.0042300
       21  0.2177145|0.3000000|0.0733674|0.1235575|0.0042382
       22  0.2177161|0.3000000|0.0733675|0.1235570|0.0042466
       23  0.2177178|0.3000000|0.0733677|0.1235565|0.0042549
       24  0.2177196|0.3000000|0.0733679|0.1235560|0.0042633
       25  0.2177213|0.3000000|0.0733680|0.1235555|0.0042717
       26  0.2177231|0.3000000|0.0733682|0.1235550|0.0042801
       27  0.2177248|0.3000000|0.0733684|0.1235545|0.0042886
       28  0.2177266|0.3000000|0.0733686|0.1235539|0.0042971
       29  0.2177284|0.3000000|0.0733687|0.1235534|0.0043056
       30  0.2177302|0.3000000|0.0733689|0.1235529|0.0043142
       31  0.2177321|0.3000000|0.0733691|0.1235524|0.0043228
       32  0.2177339|0.3000000|0.0733693|0.1235518|0.0043314
       33  0.2177358|0.3000000|0.0733695|0.1235513|0.0043401
       34  0.2177376|0.3000000|0.0733697|0.1235508|0.0043488
       35  0.2177395|0.3000000|0.0733698|0.1235502|0.0043575
       36  0.2177414|0.3000000|0.0733700|0.1235497|0.0043663
       37  0.2177433|0.3000000|0.0733702|0.1235491|0.0043751
       38  0.2177453|0.3000000|0.0733704|0.1235486|0.0043840
       39  0.2177472|0.3000000|0.0733706|0.1235480|0.0043928
       40  0.2177491|0.3000000|0.0733708|0.1235474|0.0044018
       41  0.2177511|0.3000000|0.0733710|0.1235469|0.0044107
       42  0.2177531|0.3000000|0.0733712|0.1235463|0.0044197
       43  0.2177551|0.3000000|0.0733714|0.1235457|0.0044287
       44  0.2177571|0.3000000|0.0733716|0.1235451|0.0044378
       45  0.2177591|0.3000000|0.0733718|0.1235446|0.0044469
       46  0.2177611|0.3000000|0.0733720|0.1235440|0.0044560
       47  0.2177632|0.3000000|0.0733722|0.1235434|0.0044652
       48  0.2177652|0.3000000|0.0733724|0.1235428|0.0044744
       49  0.2177673|0.3000000|0.0733726|0.1235422|0.0044837
       50  0.2177693|0.3000000|0.0733728|0.1235416|0.0044930
