# Modified sections, one row per section, root first (rudder_modify.py)
# written      : 29 Sep 2026
# case         : gui; H = 80 mm (Z_opt 80 mm), 50 sections, TE radius 0.75 mm
# XCAD file    : gui_sections_xcad_m.dat, these sections then the original loops 83 .. 211 of sections_xcad_with_cap_y0_y200_m.dat (from y = 82.2055 mm)
# frame        : working frame of the extraction, mm: origin at the root LE, x chordwise, y height
# section      : Bezier half-section of degree 4, P0 (0,0) the LE, P4 (1,0) the sharp TE,
#                the inner control points P1 .. as below, fractions of the sharp chord cs_mm;
#                mirrored, TE rounded with radius r (fraction of cs_mm) tangent to it
# columns
#   section      section number, 1 = root
#   y_mm         height of the section
#   x_le_mm      LE (on the modified LE curve); x_te_mm the rounded TE (on the TE line)
#   chord_mm     x_te_mm - x_le_mm; cs_mm the sharp chord
#   r_mm         TE radius; t_c the thickness over chord_mm, at x_t_c (fraction of chord_mm)
#   rle_mm       LE radius (from P0, P1, P2)
#   P1x ..       the inner control points
#
# section      y_mm     x_le_mm     x_te_mm   chord_mm      cs_mm          r     r_mm       t_c     x_t_c    rle_mm        P1x        P1z        P2x        P2z        P3x        P3z
        1    0.0000   -90.56604   180.28761   270.8537   272.8465  0.0027488   0.7500   0.31308   0.23102   60.7062  0.0000000  0.2061659  0.2547170  0.1867925  0.5660377  0.1235665
        2    1.6327   -91.99357   180.05585   272.0494   274.1089  0.0027361   0.7500   0.30859   0.24422   57.8506  0.0174903  0.2058399  0.2859451  0.1808027  0.5544239  0.1235661
        3    3.2653   -93.35935   179.82408   273.1834   275.2906  0.0027244   0.7500   0.30403   0.25700   56.3291  0.0339738  0.2053667  0.3151137  0.1748736  0.5461227  0.1235657
        4    4.8980   -94.66146   179.59232   274.2538   276.4037  0.0027134   0.7500   0.29942   0.26906   55.8224  0.0494193  0.2047409  0.3420765  0.1690087  0.5387029  0.1235653
        5    6.5306   -95.89791   179.36056   275.2585   277.4486  0.0027032   0.7500   0.29476   0.28005   56.0813  0.0637970  0.2039567  0.3666895  0.1632115  0.5317556  0.1235649
        6    8.1633   -97.06657   179.12879   276.1954   278.4240  0.0026937   0.7500   0.29004   0.28987   56.9088  0.0770789  0.2030086  0.3888161  0.1574860  0.5251163  0.1235644
        7    9.7959   -98.16521   178.89703   277.0622   279.3284  0.0026850   0.7500   0.28527   0.29844   58.1452  0.0892395  0.2018906  0.4083324  0.1518363  0.5186989  0.1235640
        8   11.4286   -99.19147   178.66526   277.8567   280.1595  0.0026770   0.7500   0.28044   0.30594   59.6576  0.1002564  0.2005968  0.4251353  0.1462672  0.5124519  0.1235636
        9   13.0612  -100.14286   178.43350   278.5764   280.9151  0.0026698   0.7500   0.27556   0.31211   61.3331  0.1101112  0.1991215  0.4391497  0.1407836  0.5063415  0.1235631
       10   14.6939  -101.01672   178.20173   279.2184   281.5927  0.0026634   0.7500   0.27062   0.31713   63.0733  0.1187898  0.1974588  0.4503362  0.1353909  0.5003440  0.1235627
       11   16.3265  -101.81024   177.96997   279.7802   282.1896  0.0026578   0.7500   0.26563   0.32077   64.7900  0.1262836  0.1956031  0.4586983  0.1300951  0.4944421  0.1235622
       12   17.9592  -102.52044   177.73820   280.2586   282.7028  0.0026530   0.7500   0.26057   0.32349   66.4034  0.1325903  0.1935490  0.4642872  0.1249024  0.4886230  0.1235618
       13   19.5918  -103.14414   177.50644   280.6506   283.1293  0.0026490   0.7500   0.25546   0.32488   67.8396  0.1377143  0.1912917  0.4672041  0.1198200  0.4828764  0.1235613
       14   21.2245  -103.67794   177.27468   280.9526   283.4656  0.0026458   0.7500   0.25029   0.32521   69.0305  0.1416676  0.1888269  0.4675988  0.1148555  0.4771944  0.1235609
       15   22.8571  -104.11823   177.04291   281.1611   283.7082  0.0026436   0.7500   0.24507   0.32454   69.9134  0.1444704  0.1861512  0.4656647  0.1100171  0.4715704  0.1235604
       16   24.4898  -104.46113   176.81115   281.2723   283.8532  0.0026422   0.7500   0.23981   0.32297   70.4326  0.1461514  0.1832622  0.4616310  0.1053141  0.4659993  0.1235599
       17   26.1224  -104.70250   176.57938   281.2819   283.8964  0.0026418   0.7500   0.23450   0.32078   70.5406  0.1467482  0.1801588  0.4557520  0.1007562  0.4604766  0.1235594
       18   27.7551  -104.83786   176.34762   281.1855   283.8335  0.0026424   0.7500   0.22916   0.31807   70.2007  0.1463070  0.1768419  0.4482953  0.0963544  0.4549986  0.1235590
       19   29.3878  -104.86243   176.11585   280.9783   283.6596  0.0026440   0.7500   0.22381   0.31496   69.3889  0.1448828  0.1733140  0.4395312  0.0921205  0.4495622  0.1235585
       20   31.0204  -104.77103   175.88409   280.6551   283.3696  0.0026467   0.7500   0.21845   0.31154   68.0959  0.1425384  0.1695805  0.4297223  0.0880674  0.4441648  0.1235580
       21   32.6531  -104.55806   175.65232   280.2104   282.9578  0.0026506   0.7500   0.21312   0.30791   66.3279  0.1393439  0.1656494  0.4191161  0.0842090  0.4388041  0.1235575
       22   34.2857  -104.21748   175.42056   279.6380   282.4182  0.0026556   0.7500   0.20782   0.30458   64.1076  0.1353759  0.1615321  0.4079391  0.0805604  0.4334783  0.1235570
       23   35.9184  -103.74269   175.18880   278.9315   281.7443  0.0026620   0.7500   0.20260   0.30163   61.4729  0.1307158  0.1572433  0.3963942  0.0771378  0.4281858  0.1235565
       24   37.5510  -103.12653   174.95703   278.0836   280.9287  0.0026697   0.7500   0.19749   0.29896   58.4753  0.1254491  0.1528018  0.3846588  0.0739585  0.4229251  0.1235560
       25   39.1837  -102.36117   174.72527   277.0864   279.9638  0.0026789   0.7500   0.19253   0.29705   55.1775  0.1196632  0.1482302  0.3728855  0.0710407  0.4176951  0.1235555
       26   40.8163  -101.43803   174.49350   275.9315   278.8409  0.0026897   0.7500   0.18777   0.29600   51.6506  0.1134467  0.1435553  0.3612032  0.0684032  0.4124948  0.1235550
       27   42.4490  -100.34767   174.26174   274.6094   277.5506  0.0027022   0.7500   0.18325   0.29591   47.9697  0.1068876  0.1388072  0.3497191  0.0660648  0.4073235  0.1235545
       28   44.0816   -99.07969   174.02997   273.1097   276.0824  0.0027166   0.7500   0.17903   0.29708   44.2114  0.1000720  0.1340193  0.3385211  0.0640441  0.4021805  0.1235539
       29   45.7143   -97.62258   173.79821   271.4208   274.4249  0.0027330   0.7500   0.17516   0.29925   40.4498  0.0930831  0.1292274  0.3276800  0.0623581  0.3970653  0.1235534
       30   47.3469   -95.96353   173.56644   269.5300   272.5652  0.0027516   0.7500   0.17169   0.30232   36.7536  0.0860002  0.1244688  0.3172521  0.0610214  0.3919778  0.1235529
       31   48.9796   -94.08827   173.33468   267.4229   270.4891  0.0027728   0.7500   0.16865   0.30620   33.1840  0.0788978  0.1197811  0.3072811  0.0600441  0.3869177  0.1235524
       32   50.6122   -91.98077   173.10292   265.0837   268.1805  0.0027966   0.7500   0.16606   0.31036   29.7923  0.0718452  0.1152013  0.2978002  0.0594306  0.3818850  0.1235518
       33   52.2449   -89.62304   172.87115   262.4942   265.6214  0.0028236   0.7500   0.16392   0.31440   26.6192  0.0649059  0.1107644  0.2888339  0.0591771  0.3768800  0.1235513
       34   53.8776   -86.99466   172.63939   259.6340   262.7915  0.0028540   0.7500   0.16223   0.31788   23.6943  0.0581376  0.1065026  0.2803994  0.0592706  0.3719030  0.1235508
       35   55.5102   -84.07248   172.40762   256.4801   259.6675  0.0028883   0.7500   0.16094   0.32098   21.0360  0.0515920  0.1024444  0.2725080  0.0596868  0.3669547  0.1235502
       36   57.1429   -80.83003   172.17586   253.0059   256.2230  0.0029271   0.7500   0.16002   0.32320   18.6521  0.0453150  0.0986141  0.2651661  0.0603906  0.3620359  0.1235497
       37   58.7755   -77.23694   171.94409   249.1810   252.4276  0.0029711   0.7500   0.15943   0.32446   16.5412  0.0393470  0.0950318  0.2583762  0.0613365  0.3571476  0.1235491
       38   60.4082   -73.25825   171.71233   244.9706   248.2464  0.0030212   0.7500   0.15911   0.32518   14.6940  0.0337228  0.0917127  0.2521376  0.0624711  0.3522915  0.1235486
       39   62.0408   -68.85359   171.48056   240.3341   243.6390  0.0030783   0.7500   0.15902   0.32531   13.0941  0.0284722  0.0886680  0.2464470  0.0637361  0.3474693  0.1235480
       40   63.6735   -63.97639   171.24880   235.2252   238.5589  0.0031439   0.7500   0.15910   0.32507   11.7206  0.0236204  0.0859047  0.2412993  0.0650725  0.3426837  0.1235474
       41   65.3061   -58.57332   171.01704   229.5904   232.9527  0.0032195   0.7500   0.15931   0.32418   10.5487  0.0191884  0.0834264  0.2366875  0.0664239  0.3379378  0.1235469
       42   66.9388   -52.58442   170.78527   223.3697   226.7605  0.0033075   0.7500   0.15960   0.32312    9.5517  0.0151931  0.0812336  0.2326036  0.0677393  0.3332360  0.1235463
       43   68.5714   -45.94552   170.55351   216.4990   219.9180  0.0034104   0.7500   0.15995   0.32187    8.7024  0.0116480  0.0793241  0.2290388  0.0689752  0.3285840  0.1235457
       44   70.2041   -38.59636   170.32174   208.9181   212.3651  0.0035317   0.7500   0.16033   0.32044    7.9743  0.0085635  0.0776936  0.2259835  0.0700966  0.3239898  0.1235451
       45   71.8367   -30.50328   170.08998   200.5933   204.0680  0.0036752   0.7500   0.16072   0.31907    7.3431  0.0059472  0.0763364  0.2234275  0.0710764  0.3194651  0.1235446
       46   73.4694   -21.71851   169.85821   191.5767   195.0789  0.0038446   0.7500   0.16110   0.31776    6.7899  0.0038043  0.0752453  0.2213605  0.0718952  0.3150275  0.1235440
       47   75.1020   -12.52505   169.62645   182.1515   185.6805  0.0040392   0.7500   0.16147   0.31627    6.3052  0.0021377  0.0744122  0.2197719  0.0725398  0.3107066  0.1235434
       48   76.7347    -3.73459   169.39468   173.1293   176.6843  0.0042449   0.7500   0.16179   0.31510    5.8994  0.0009487  0.0738284  0.2186509  0.0730027  0.3065588  0.1235428
       49   78.3673     2.98853   169.16292   166.1744   169.7533  0.0044182   0.7500   0.16204   0.31397    5.6131  0.0002367  0.0734851  0.2179869  0.0732805  0.3027231  0.1235422
       50   80.0000     5.60000   168.93116   163.3312   166.9267  0.0044930   0.7500   0.16214   0.31330    5.5022  0.0000000  0.0733728  0.2177693  0.0733728  0.3000000  0.1235416
