Section # | X1 | X2 | T1 | T2 | r

        1  0.0000000|0.3000000|0.0733644|0.1235665|0.0027030
        2  0.0213300|0.3000000|0.0733646|0.1235661|0.0027394
        3  0.0414451|0.3000000|0.0733647|0.1235657|0.0027763
        4  0.0603779|0.3000000|0.0733648|0.1235653|0.0028138
        5  0.0781610|0.3000000|0.0733650|0.1235649|0.0028517
        6  0.0948271|0.3000000|0.0733651|0.1235644|0.0028901
        7  0.1104088|0.3000000|0.0733652|0.1235640|0.0029290
        8  0.1249387|0.3000000|0.0733654|0.1235636|0.0029684
        9  0.1384496|0.3000000|0.0733655|0.1235631|0.0030083
       10  0.1509740|0.3000000|0.0733657|0.1235627|0.0030486
       11  0.1625445|0.3000000|0.0733658|0.1235622|0.0030893
       12  0.1731939|0.3000000|0.0733660|0.1235618|0.0031304
       13  0.1829547|0.3000000|0.0733661|0.1235613|0.0031720
       14  0.1918596|0.3000000|0.0733663|0.1235609|0.0032139
       15  0.1999413|0.3000000|0.0733664|0.1235604|0.0032562
       16  0.2072324|0.3000000|0.0733666|0.1235599|0.0032987
       17  0.2137654|0.3000000|0.0733667|0.1235594|0.0033416
       18  0.2195732|0.3000000|0.0733669|0.1235590|0.0033847
       19  0.2246882|0.3000000|0.0733670|0.1235585|0.0034280
       20  0.2291432|0.3000000|0.0733672|0.1235580|0.0034715
       21  0.2329708|0.3000000|0.0733674|0.1235575|0.0035152
       22  0.2362036|0.3000000|0.0733675|0.1235570|0.0035589
       23  0.2388743|0.3000000|0.0733677|0.1235565|0.0036026
       24  0.2410155|0.3000000|0.0733679|0.1235560|0.0036463
       25  0.2426599|0.3000000|0.0733680|0.1235555|0.0036899
       26  0.2438400|0.3000000|0.0733682|0.1235550|0.0037334
       27  0.2445886|0.3000000|0.0733684|0.1235545|0.0037766
       28  0.2449383|0.3000000|0.0733686|0.1235539|0.0038196
       29  0.2449216|0.3000000|0.0733687|0.1235534|0.0038622
       30  0.2445714|0.3000000|0.0733689|0.1235529|0.0039043
       31  0.2439201|0.3000000|0.0733691|0.1235524|0.0039459
       32  0.2430005|0.3000000|0.0733693|0.1235518|0.0039868
       33  0.2418452|0.3000000|0.0733695|0.1235513|0.0040271
       34  0.2404868|0.3000000|0.0733697|0.1235508|0.0040665
       35  0.2389579|0.3000000|0.0733698|0.1235502|0.0041049
       36  0.2372913|0.3000000|0.0733700|0.1235497|0.0041424
       37  0.2355195|0.3000000|0.0733702|0.1235491|0.0041787
       38  0.2336752|0.3000000|0.0733704|0.1235486|0.0042137
       39  0.2317911|0.3000000|0.0733706|0.1235480|0.0042474
       40  0.2298997|0.3000000|0.0733708|0.1235474|0.0042796
       41  0.2280337|0.3000000|0.0733710|0.1235469|0.0043102
       42  0.2262258|0.3000000|0.0733712|0.1235463|0.0043390
       43  0.2245086|0.3000000|0.0733714|0.1235457|0.0043660
       44  0.2229147|0.3000000|0.0733716|0.1235451|0.0043911
       45  0.2214768|0.3000000|0.0733718|0.1235446|0.0044140
       46  0.2202275|0.3000000|0.0733720|0.1235440|0.0044347
       47  0.2191994|0.3000000|0.0733722|0.1235434|0.0044530
       48  0.2184253|0.3000000|0.0733724|0.1235428|0.0044690
       49  0.2179377|0.3000000|0.0733726|0.1235422|0.0044823
       50  0.2177693|0.3000000|0.0733728|0.1235416|0.0044930
