Section # | X1 | X2 | T1 | T2 | r

        1  0.2177062|0.3000000|0.0733667|0.1235624|0.0036787
        2  0.2177060|0.3000000|0.0733667|0.1235623|0.0037068
        3  0.2177058|0.3000000|0.0733666|0.1235621|0.0037344
        4  0.2177056|0.3000000|0.0733666|0.1235620|0.0037615
        5  0.2177054|0.3000000|0.0733666|0.1235619|0.0037882
        6  0.2177052|0.3000000|0.0733665|0.1235618|0.0038143
        7  0.2177051|0.3000000|0.0733665|0.1235616|0.0038399
        8  0.2177050|0.3000000|0.0733665|0.1235615|0.0038650
        9  0.2177049|0.3000000|0.0733665|0.1235613|0.0038895
       10  0.2177048|0.3000000|0.0733665|0.1235612|0.0039135
       11  0.2177048|0.3000000|0.0733665|0.1235610|0.0039370
       12  0.2177048|0.3000000|0.0733664|0.1235608|0.0039599
       13  0.2177049|0.3000000|0.0733664|0.1235607|0.0039822
       14  0.2177050|0.3000000|0.0733664|0.1235605|0.0040040
       15  0.2177051|0.3000000|0.0733664|0.1235603|0.0040253
       16  0.2177053|0.3000000|0.0733665|0.1235601|0.0040460
       17  0.2177055|0.3000000|0.0733665|0.1235599|0.0040661
       18  0.2177058|0.3000000|0.0733665|0.1235596|0.0040857
       19  0.2177061|0.3000000|0.0733665|0.1235594|0.0041047
       20  0.2177065|0.3000000|0.0733666|0.1235592|0.0041233
       21  0.2177069|0.3000000|0.0733666|0.1235589|0.0041412
       22  0.2177074|0.3000000|0.0733666|0.1235586|0.0041587
       23  0.2177080|0.3000000|0.0733667|0.1235584|0.0041756
       24  0.2177086|0.3000000|0.0733667|0.1235581|0.0041921
       25  0.2177093|0.3000000|0.0733668|0.1235578|0.0042080
       26  0.2177101|0.3000000|0.0733669|0.1235575|0.0042235
       27  0.2177109|0.3000000|0.0733669|0.1235571|0.0042384
       28  0.2177118|0.3000000|0.0733670|0.1235568|0.0042530
       29  0.2177128|0.3000000|0.0733671|0.1235564|0.0042670
       30  0.2177139|0.3000000|0.0733672|0.1235560|0.0042807
       31  0.2177150|0.3000000|0.0733673|0.1235556|0.0042939
       32  0.2177162|0.3000000|0.0733675|0.1235552|0.0043067
       33  0.2177176|0.3000000|0.0733676|0.1235548|0.0043192
       34  0.2177190|0.3000000|0.0733677|0.1235543|0.0043313
       35  0.2177204|0.3000000|0.0733679|0.1235539|0.0043430
       36  0.2177220|0.3000000|0.0733680|0.1235534|0.0043545
       37  0.2177237|0.3000000|0.0733682|0.1235529|0.0043656
       38  0.2177255|0.3000000|0.0733684|0.1235524|0.0043764
       39  0.2177273|0.3000000|0.0733685|0.1235518|0.0043870
       40  0.2177293|0.3000000|0.0733687|0.1235513|0.0043974
       41  0.2177314|0.3000000|0.0733689|0.1235507|0.0044075
       42  0.2177336|0.3000000|0.0733692|0.1235501|0.0044174
       43  0.2177358|0.3000000|0.0733694|0.1235494|0.0044272
       44  0.2177382|0.3000000|0.0733696|0.1235488|0.0044368
       45  0.2177408|0.3000000|0.0733699|0.1235481|0.0044463
       46  0.2177434|0.3000000|0.0733701|0.1235474|0.0044558
       47  0.2177461|0.3000000|0.0733704|0.1235467|0.0044651
       48  0.2177490|0.3000000|0.0733707|0.1235460|0.0044744
       49  0.2177520|0.3000000|0.0733710|0.1235452|0.0044837
       50  0.2177551|0.3000000|0.0733713|0.1235444|0.0044930
