# Modified sections, one row per section, root first (rudder_modify.py)
# written      : 29 Sep 2026
# case         : le_root_fwd20; H = 80 mm (Z_opt 80 mm), 50 sections, TE radius 0.75 mm
# XCAD file    : le_root_fwd20_sections_xcad_m.dat, these sections then the original loops 83 .. 211 of sections_xcad_with_cap_y0_y200_m.dat (from y = 82.2055 mm)
# frame        : working frame of the extraction, mm: origin at the root LE, x chordwise, y height
# section      : Bezier half-section of degree 4, P0 (0,0) the LE, P4 (1,0) the sharp TE,
#                the inner control points P1 .. as below, fractions of the sharp chord cs_mm;
#                mirrored, TE rounded with radius r (fraction of cs_mm) tangent to it
# columns
#   section      section number, 1 = root
#   y_mm         height of the section
#   x_le_mm      LE (on the modified LE curve); x_te_mm the rounded TE (on the TE line)
#   chord_mm     x_te_mm - x_le_mm; cs_mm the sharp chord
#   r_mm         TE radius; t_c the thickness over chord_mm, at x_t_c (fraction of chord_mm)
#   rle_mm       LE radius (from P0, P1, P2)
#   P1x ..       the inner control points
#
# section      y_mm     x_le_mm     x_te_mm   chord_mm      cs_mm          r     r_mm       t_c     x_t_c    rle_mm        P1x        P1z        P2x        P2z        P3x        P3z
        1    0.0000   -20.00000   180.28761   200.2876   203.8767  0.0036787   0.7500   0.16150   0.31201    6.7212  0.0000000  0.0733644  0.2176845  0.0733644  0.3000000  0.1235665
        2    1.6327   -18.68604   180.05585   198.7419   202.3312  0.0037068   0.7500   0.16152   0.31206    6.6703  0.0000000  0.0733646  0.2176858  0.0733646  0.3000000  0.1235661
        3    3.2653   -17.42105   179.82408   197.2451   200.8347  0.0037344   0.7500   0.16155   0.31210    6.6209  0.0000000  0.0733647  0.2176871  0.0733647  0.3000000  0.1235657
        4    4.8980   -16.20399   179.59232   195.7963   199.3860  0.0037615   0.7500   0.16157   0.31214    6.5732  0.0000000  0.0733648  0.2176885  0.0733648  0.3000000  0.1235653
        5    6.5306   -15.03385   179.36056   194.3944   197.9843  0.0037882   0.7500   0.16159   0.31218    6.5269  0.0000000  0.0733650  0.2176898  0.0733650  0.3000000  0.1235649
        6    8.1633   -13.90961   179.12879   193.0384   196.6285  0.0038143   0.7500   0.16161   0.31222    6.4822  0.0000000  0.0733651  0.2176912  0.0733651  0.3000000  0.1235644
        7    9.7959   -12.83025   178.89703   191.7273   195.3176  0.0038399   0.7500   0.16163   0.31226    6.4390  0.0000000  0.0733652  0.2176927  0.0733652  0.3000000  0.1235640
        8   11.4286   -11.79475   178.66526   190.4600   194.0505  0.0038650   0.7500   0.16165   0.31230    6.3972  0.0000000  0.0733654  0.2176941  0.0733654  0.3000000  0.1235636
        9   13.0612   -10.80209   178.43350   189.2356   192.8263  0.0038895   0.7500   0.16167   0.31234    6.3568  0.0000000  0.0733655  0.2176955  0.0733655  0.3000000  0.1235631
       10   14.6939    -9.85125   178.20173   188.0530   191.6438  0.0039135   0.7500   0.16169   0.31238    6.3178  0.0000000  0.0733657  0.2176970  0.0733657  0.3000000  0.1235627
       11   16.3265    -8.94121   177.96997   186.9112   190.5022  0.0039370   0.7500   0.16171   0.31241    6.2802  0.0000000  0.0733658  0.2176985  0.0733658  0.3000000  0.1235622
       12   17.9592    -8.07094   177.73820   185.8091   189.4004  0.0039599   0.7500   0.16172   0.31245    6.2438  0.0000000  0.0733660  0.2177000  0.0733660  0.3000000  0.1235618
       13   19.5918    -7.23944   177.50644   184.7459   188.3373  0.0039822   0.7500   0.16174   0.31249    6.2088  0.0000000  0.0733661  0.2177016  0.0733661  0.3000000  0.1235613
       14   21.2245    -6.44567   177.27468   183.7204   187.3119  0.0040040   0.7500   0.16176   0.31252    6.1749  0.0000000  0.0733663  0.2177031  0.0733663  0.3000000  0.1235609
       15   22.8571    -5.68863   177.04291   182.7315   186.3233  0.0040253   0.7500   0.16178   0.31255    6.1423  0.0000000  0.0733664  0.2177047  0.0733664  0.3000000  0.1235604
       16   24.4898    -4.96728   176.81115   181.7784   185.3703  0.0040460   0.7500   0.16179   0.31259    6.1109  0.0000000  0.0733666  0.2177063  0.0733666  0.3000000  0.1235599
       17   26.1224    -4.28062   176.57938   180.8600   184.4520  0.0040661   0.7500   0.16181   0.31262    6.0806  0.0000000  0.0733667  0.2177079  0.0733667  0.3000000  0.1235594
       18   27.7551    -3.62761   176.34762   179.9752   183.5674  0.0040857   0.7500   0.16182   0.31265    6.0514  0.0000000  0.0733669  0.2177095  0.0733669  0.3000000  0.1235590
       19   29.3878    -3.00724   176.11585   179.1231   182.7154  0.0041047   0.7500   0.16184   0.31268    6.0233  0.0000000  0.0733670  0.2177111  0.0733670  0.3000000  0.1235585
       20   31.0204    -2.41850   175.88409   178.3026   181.8951  0.0041233   0.7500   0.16185   0.31271    5.9962  0.0000000  0.0733672  0.2177128  0.0733672  0.3000000  0.1235580
       21   32.6531    -1.86035   175.65232   177.5127   181.1053  0.0041412   0.7500   0.16187   0.31273    5.9702  0.0000000  0.0733674  0.2177145  0.0733674  0.3000000  0.1235575
       22   34.2857    -1.33178   175.42056   176.7523   180.3451  0.0041587   0.7500   0.16188   0.31276    5.9451  0.0000000  0.0733675  0.2177161  0.0733675  0.3000000  0.1235570
       23   35.9184    -0.83177   175.18880   176.0206   179.6135  0.0041756   0.7500   0.16189   0.31279    5.9210  0.0000000  0.0733677  0.2177178  0.0733677  0.3000000  0.1235565
       24   37.5510    -0.35930   174.95703   175.3163   178.9093  0.0041921   0.7500   0.16191   0.31282    5.8977  0.0000000  0.0733679  0.2177196  0.0733679  0.3000000  0.1235560
       25   39.1837     0.08665   174.72527   174.6386   178.2318  0.0042080   0.7500   0.16192   0.31284    5.8754  0.0000000  0.0733680  0.2177213  0.0733680  0.3000000  0.1235555
       26   40.8163     0.50710   174.49350   173.9864   177.5797  0.0042235   0.7500   0.16193   0.31286    5.8539  0.0000000  0.0733682  0.2177231  0.0733682  0.3000000  0.1235550
       27   42.4490     0.90307   174.26174   173.3587   176.9521  0.0042384   0.7500   0.16194   0.31289    5.8332  0.0000000  0.0733684  0.2177248  0.0733684  0.3000000  0.1235545
       28   44.0816     1.27558   174.02997   172.7544   176.3479  0.0042530   0.7500   0.16195   0.31291    5.8132  0.0000000  0.0733686  0.2177266  0.0733686  0.3000000  0.1235539
       29   45.7143     1.62566   173.79821   172.1726   175.7662  0.0042670   0.7500   0.16197   0.31293    5.7940  0.0000000  0.0733687  0.2177284  0.0733687  0.3000000  0.1235534
       30   47.3469     1.95431   173.56644   171.6121   175.2059  0.0042807   0.7500   0.16198   0.31296    5.7755  0.0000000  0.0733689  0.2177302  0.0733689  0.3000000  0.1235529
       31   48.9796     2.26256   173.33468   171.0721   174.6660  0.0042939   0.7500   0.16199   0.31298    5.7577  0.0000000  0.0733691  0.2177321  0.0733691  0.3000000  0.1235524
       32   50.6122     2.55143   173.10292   170.5515   174.1454  0.0043067   0.7500   0.16200   0.31300    5.7405  0.0000000  0.0733693  0.2177339  0.0733693  0.3000000  0.1235518
       33   52.2449     2.82195   172.87115   170.0492   173.6433  0.0043192   0.7500   0.16201   0.31302    5.7240  0.0000000  0.0733695  0.2177358  0.0733695  0.3000000  0.1235513
       34   53.8776     3.07512   172.63939   169.5643   173.1584  0.0043313   0.7500   0.16202   0.31304    5.7080  0.0000000  0.0733697  0.2177376  0.0733697  0.3000000  0.1235508
       35   55.5102     3.31197   172.40762   169.0956   172.6899  0.0043430   0.7500   0.16203   0.31306    5.6925  0.0000000  0.0733698  0.2177395  0.0733698  0.3000000  0.1235502
       36   57.1429     3.53353   172.17586   168.6423   172.2367  0.0043545   0.7500   0.16203   0.31307    5.6775  0.0000000  0.0733700  0.2177414  0.0733700  0.3000000  0.1235497
       37   58.7755     3.74080   171.94409   168.2033   171.7977  0.0043656   0.7500   0.16204   0.31309    5.6631  0.0000000  0.0733702  0.2177433  0.0733702  0.3000000  0.1235491
       38   60.4082     3.93482   171.71233   167.7775   171.3721  0.0043764   0.7500   0.16205   0.31311    5.6490  0.0000000  0.0733704  0.2177453  0.0733704  0.3000000  0.1235486
       39   62.0408     4.11659   171.48056   167.3640   170.9586  0.0043870   0.7500   0.16206   0.31313    5.6354  0.0000000  0.0733706  0.2177472  0.0733706  0.3000000  0.1235480
       40   63.6735     4.28715   171.24880   166.9617   170.5564  0.0043974   0.7500   0.16207   0.31314    5.6221  0.0000000  0.0733708  0.2177491  0.0733708  0.3000000  0.1235474
       41   65.3061     4.44750   171.01704   166.5695   170.1644  0.0044075   0.7500   0.16208   0.31316    5.6091  0.0000000  0.0733710  0.2177511  0.0733710  0.3000000  0.1235469
       42   66.9388     4.59868   170.78527   166.1866   169.7815  0.0044174   0.7500   0.16208   0.31318    5.5965  0.0000000  0.0733712  0.2177531  0.0733712  0.3000000  0.1235463
       43   68.5714     4.74169   170.55351   165.8118   169.4068  0.0044272   0.7500   0.16209   0.31319    5.5841  0.0000000  0.0733714  0.2177551  0.0733714  0.3000000  0.1235457
       44   70.2041     4.87757   170.32174   165.4442   169.0393  0.0044368   0.7500   0.16210   0.31321    5.5720  0.0000000  0.0733716  0.2177571  0.0733716  0.3000000  0.1235451
       45   71.8367     5.00732   170.08998   165.0827   168.6778  0.0044463   0.7500   0.16211   0.31322    5.5600  0.0000000  0.0733718  0.2177591  0.0733718  0.3000000  0.1235446
       46   73.4694     5.13198   169.85821   164.7262   168.3215  0.0044558   0.7500   0.16211   0.31324    5.5483  0.0000000  0.0733720  0.2177611  0.0733720  0.3000000  0.1235440
       47   75.1020     5.25255   169.62645   164.3739   167.9692  0.0044651   0.7500   0.16212   0.31325    5.5366  0.0000000  0.0733722  0.2177632  0.0733722  0.3000000  0.1235434
       48   76.7347     5.37007   169.39468   164.0246   167.6200  0.0044744   0.7500   0.16213   0.31327    5.5251  0.0000000  0.0733724  0.2177652  0.0733724  0.3000000  0.1235428
       49   78.3673     5.48554   169.16292   163.6774   167.2729  0.0044837   0.7500   0.16214   0.31328    5.5137  0.0000000  0.0733726  0.2177673  0.0733726  0.3000000  0.1235422
       50   80.0000     5.60000   168.93116   163.3312   166.9267  0.0044930   0.7500   0.16214   0.31330    5.5022  0.0000000  0.0733728  0.2177693  0.0733728  0.3000000  0.1235416
