# Bezier fits to the original shape from the root to Z_opt = 80 mm (rudder_modify.fit_original)
# written      : 29 Sep 2026
# sources      : outputs/corner_points.dat (LE), outputs/thickness_params_H80_info.dat (section control points, degree 4)
# orders       : LE 3, P1x 3, P1z 3, P2x 3, P2z 3, P3x 3, P3z 3
# rows         : one per section of the table; x_le_* at the same heights (interpolated between corner rows)
# columns      : y_mm, then for each curve the datum and the fit (LE x in mm, section control points in fractions of the sharp chord)
#
#     y_mm       x_le_data        x_le_fit      P1x_data       P1x_fit      P1z_data       P1z_fit      P2x_data       P2x_fit      P2z_data       P2z_fit      P3x_data       P3x_fit      P3z_data       P3z_fit
    0.0000     0.000000000     0.000000000   0.000000000   0.000000000   0.073364400   0.073364422   0.217684500   0.217684453   0.073364400   0.073364422   0.300000000   0.300000000   0.123566500   0.123566521
    1.6327     0.114289000     0.114289000   0.000000000   0.000000000   0.073364700   0.073364552   0.217686900   0.217685769   0.073364700   0.073364552   0.300000000   0.300000000   0.123565900   0.123566111
    3.2653     0.228571000     0.228571000   0.000000000   0.000000000   0.073364700   0.073364683   0.217687000   0.217687107   0.073364700   0.073364683   0.300000000   0.300000000   0.123565700   0.123565697
    4.8980     0.342860000     0.342860000   0.000000000   0.000000000   0.073364800   0.073364817   0.217688500   0.217688464   0.073364800   0.073364817   0.300000000   0.300000000   0.123565300   0.123565279
    6.5306     0.457142000     0.457142000   0.000000000   0.000000000   0.073365000   0.073364952   0.217690300   0.217689842   0.073365000   0.073364952   0.300000000   0.300000000   0.123564700   0.123564856
    8.1633     0.571431000     0.571431000   0.000000000   0.000000000   0.073365000   0.073365090   0.217690400   0.217691240   0.073365000   0.073365090   0.300000000   0.300000000   0.123564600   0.123564428
    9.7959     0.685713000     0.685713000   0.000000000   0.000000000   0.073365200   0.073365229   0.217692400   0.217692657   0.073365200   0.073365229   0.300000000   0.300000000   0.123564100   0.123563996
   11.4286     0.800002000     0.800002000   0.000000000   0.000000000   0.073365400   0.073365370   0.217694500   0.217694094   0.073365400   0.073365370   0.300000000   0.300000000   0.123563500   0.123563560
   13.0612     0.914284000     0.914284000   0.000000000   0.000000000   0.073365400   0.073365513   0.217694600   0.217695550   0.073365400   0.073365513   0.300000000   0.300000000   0.123563300   0.123563119
   14.6939     1.028573000     1.028573000   0.000000000   0.000000000   0.073365600   0.073365658   0.217696500   0.217697025   0.073365600   0.073365658   0.300000000   0.300000000   0.123562800   0.123562674
   16.3265     1.142855000     1.142855000   0.000000000   0.000000000   0.073365800   0.073365805   0.217698000   0.217698519   0.073365800   0.073365805   0.300000000   0.300000000   0.123562300   0.123562225
   17.9592     1.257144000     1.257144000   0.000000000   0.000000000   0.073366000   0.073365954   0.217700100   0.217700032   0.073366000   0.073365954   0.300000000   0.300000000   0.123561800   0.123561771
   19.5918     1.371426000     1.371426000   0.000000000   0.000000000   0.073365900   0.073366105   0.217700000   0.217701563   0.073365900   0.073366105   0.300000000   0.300000000   0.123561600   0.123561313
   21.2245     1.485715000     1.485715000   0.000000000   0.000000000   0.073366300   0.073366257   0.217703800   0.217703113   0.073366300   0.073366257   0.300000000   0.300000000   0.123560700   0.123560851
   22.8571     1.599997000     1.599997000   0.000000000   0.000000000   0.073366400   0.073366411   0.217704200   0.217704681   0.073366400   0.073366411   0.300000000   0.300000000   0.123560500   0.123560384
   24.4898     1.714286000     1.714286000   0.000000000   0.000000000   0.073366700   0.073366567   0.217708000   0.217706266   0.073366700   0.073366567   0.300000000   0.300000000   0.123559500   0.123559914
   26.1224     1.828568000     1.828568000   0.000000000   0.000000000   0.073366700   0.073366725   0.217707800   0.217707869   0.073366700   0.073366725   0.300000000   0.300000000   0.123559500   0.123559439
   27.7551     1.942857000     1.942857000   0.000000000   0.000000000   0.073366900   0.073366884   0.217709600   0.217709490   0.073366900   0.073366884   0.300000000   0.300000000   0.123558900   0.123558960
   29.3878     2.057146000     2.057146000   0.000000000   0.000000000   0.073367100   0.073367045   0.217711600   0.217711128   0.073367100   0.073367045   0.300000000   0.300000000   0.123558400   0.123558477
   31.0204     2.171428000     2.171428000   0.000000000   0.000000000   0.073367100   0.073367208   0.217711600   0.217712783   0.073367100   0.073367208   0.300000000   0.300000000   0.123558200   0.123557990
   32.6531     2.285717000     2.285717000   0.000000000   0.000000000   0.073367500   0.073367372   0.217715800   0.217714455   0.073367500   0.073367372   0.300000000   0.300000000   0.123557200   0.123557498
   34.2857     2.399999000     2.399999000   0.000000000   0.000000000   0.073367500   0.073367538   0.217715800   0.217716143   0.073367500   0.073367538   0.300000000   0.300000000   0.123557100   0.123557003
   35.9184     2.514288000     2.514288000   0.000000000   0.000000000   0.073367700   0.073367706   0.217717400   0.217717848   0.073367700   0.073367706   0.300000000   0.300000000   0.123556600   0.123556504
   37.5510     2.628570000     2.628570000   0.000000000   0.000000000   0.073367800   0.073367876   0.217719300   0.217719569   0.073367800   0.073367876   0.300000000   0.300000000   0.123556100   0.123556001
   39.1837     2.742859000     2.742859000   0.000000000   0.000000000   0.073368000   0.073368047   0.217721200   0.217721306   0.073368000   0.073368047   0.300000000   0.300000000   0.123555500   0.123555493
   40.8163     2.857141000     2.857141000   0.000000000   0.000000000   0.073368200   0.073368219   0.217723200   0.217723059   0.073368200   0.073368219   0.300000000   0.300000000   0.123555000   0.123554982
   42.4490     2.971430000     2.971430000   0.000000000   0.000000000   0.073368500   0.073368393   0.217725500   0.217724828   0.073368500   0.073368393   0.300000000   0.300000000   0.123554300   0.123554467
   44.0816     3.085712000     3.085712000   0.000000000   0.000000000   0.073368700   0.073368569   0.217727500   0.217726612   0.073368700   0.073368569   0.300000000   0.300000000   0.123553800   0.123553948
   45.7143     3.200001000     3.200001000   0.000000000   0.000000000   0.073368900   0.073368746   0.217729500   0.217728411   0.073368900   0.073368746   0.300000000   0.300000000   0.123553200   0.123553425
   47.3469     3.314283000     3.314283000   0.000000000   0.000000000   0.073369000   0.073368925   0.217731000   0.217730225   0.073369000   0.073368925   0.300000000   0.300000000   0.123552700   0.123552899
   48.9796     3.428572000     3.428572000   0.000000000   0.000000000   0.073369000   0.073369106   0.217730900   0.217732055   0.073369000   0.073369106   0.300000000   0.300000000   0.123552600   0.123552368
   50.6122     3.542854000     3.542854000   0.000000000   0.000000000   0.073369400   0.073369287   0.217734900   0.217733898   0.073369400   0.073369287   0.300000000   0.300000000   0.123551600   0.123551834
   52.2449     3.657143000     3.657143000   0.000000000   0.000000000   0.073369600   0.073369471   0.217736800   0.217735756   0.073369600   0.073369471   0.300000000   0.300000000   0.123551100   0.123551296
   53.8776     3.771432000     3.771432000   0.000000000   0.000000000   0.073369600   0.073369655   0.217737200   0.217737628   0.073369600   0.073369655   0.300000000   0.300000000   0.123550800   0.123550754
   55.5102     3.885714000     3.885714000   0.000000000   0.000000000   0.073369800   0.073369842   0.217739100   0.217739515   0.073369800   0.073369842   0.300000000   0.300000000   0.123550300   0.123550209
   57.1429     4.000003000     4.000003000   0.000000000   0.000000000   0.073370000   0.073370029   0.217740800   0.217741415   0.073370000   0.073370029   0.300000000   0.300000000   0.123549800   0.123549660
   58.7755     4.114285000     4.114285000   0.000000000   0.000000000   0.073370100   0.073370218   0.217742600   0.217743328   0.073370100   0.073370218   0.300000000   0.300000000   0.123549300   0.123549107
   60.4082     4.228574000     4.228574000   0.000000000   0.000000000   0.073370300   0.073370409   0.217744600   0.217745255   0.073370300   0.073370409   0.300000000   0.300000000   0.123548700   0.123548551
   62.0408     4.342856000     4.342856000   0.000000000   0.000000000   0.073370500   0.073370601   0.217746600   0.217747195   0.073370500   0.073370601   0.300000000   0.300000000   0.123548100   0.123547991
   63.6735     4.457145000     4.457145000   0.000000000   0.000000000   0.073370800   0.073370794   0.217748800   0.217749148   0.073370800   0.073370794   0.300000000   0.300000000   0.123547500   0.123547428
   65.3061     4.571427000     4.571427000   0.000000000   0.000000000   0.073371000   0.073370988   0.217750900   0.217751114   0.073371000   0.073370988   0.300000000   0.300000000   0.123546900   0.123546861
   66.9388     4.685716000     4.685716000   0.000000000   0.000000000   0.073371100   0.073371184   0.217752400   0.217753092   0.073371100   0.073371184   0.300000000   0.300000000   0.123546400   0.123546290
   68.5714     4.799998000     4.799998000   0.000000000   0.000000000   0.073371300   0.073371381   0.217754400   0.217755083   0.073371300   0.073371381   0.300000000   0.300000000   0.123545900   0.123545716
   70.2041     4.914287000     4.914287000   0.000000000   0.000000000   0.073371500   0.073371580   0.217756300   0.217757086   0.073371500   0.073371580   0.300000000   0.300000000   0.123545300   0.123545138
   71.8367     5.028569000     5.028569000   0.000000000   0.000000000   0.073371900   0.073371779   0.217760200   0.217759101   0.073371900   0.073371779   0.300000000   0.300000000   0.123544300   0.123544558
   73.4694     5.142858000     5.142858000   0.000000000   0.000000000   0.073372100   0.073371980   0.217762600   0.217761127   0.073372100   0.073371980   0.300000000   0.300000000   0.123543700   0.123543973
   75.1020     5.257140000     5.257140000   0.000000000   0.000000000   0.073372100   0.073372183   0.217762600   0.217763165   0.073372100   0.073372183   0.300000000   0.300000000   0.123543500   0.123543385
   76.7347     5.371429000     5.371429000   0.000000000   0.000000000   0.073372500   0.073372386   0.217766500   0.217765215   0.073372500   0.073372386   0.300000000   0.300000000   0.123542500   0.123542794
   78.3673     5.485711000     5.485711000   0.000000000   0.000000000   0.073372700   0.073372591   0.217768100   0.217767275   0.073372700   0.073372591   0.300000000   0.300000000   0.123542000   0.123542200
   80.0000     5.600000000     5.600000000   0.000000000   0.000000000   0.073372700   0.073372796   0.217768100   0.217769347   0.073372700   0.073372796   0.300000000   0.300000000   0.123541900   0.123541602
