# Bezier fits to the original shape from the root to z_top = 199.499 mm (rudder_modify.fit_original)
# written      : 01 Oct 2026
# sources      : outputs/corner_points.dat (LE), outputs/thickness_params_y0_y200_info.dat (section control points, degree 4)
# orders       : LE 3, P1x 3, P1z 3, P2x 3, P2z 3, P3x 3, P3z 3
# rows         : one per section of the table; x_le_* at the same heights (interpolated between corner rows)
# columns      : y_mm, then for each curve the datum and the fit (LE x in mm, section control points in fractions of the sharp chord)
#
#     y_mm       x_le_data        x_le_fit      P1x_data       P1x_fit      P1z_data       P1z_fit      P2x_data       P2x_fit      P2z_data       P2z_fit      P3x_data       P3x_fit      P3z_data       P3z_fit
    0.0000     0.000000000     0.000000000   0.000000000   0.000000000   0.073364400   0.073366690   0.217684000   0.217706220   0.073364400   0.073366690   0.300000000   0.300000000   0.123566600   0.123562382
    1.0025     0.070175000     0.070175000   0.000000000   0.000000000   0.073364500   0.073366669   0.217685000   0.217706073   0.073364500   0.073366669   0.300000000   0.300000000   0.123566300   0.123562309
    2.0050     0.140350000     0.140350000   0.000000000   0.000000000   0.073364600   0.073366649   0.217685900   0.217705931   0.073364600   0.073366649   0.300000000   0.300000000   0.123566100   0.123562234
    3.0075     0.210525000     0.210525000   0.000000000   0.000000000   0.073364600   0.073366629   0.217686700   0.217705796   0.073364600   0.073366629   0.300000000   0.300000000   0.123565800   0.123562159
    4.0100     0.280700000     0.280700000   0.000000000   0.000000000   0.073364700   0.073366610   0.217687600   0.217705666   0.073364700   0.073366610   0.300000000   0.300000000   0.123565500   0.123562082
    5.0125     0.350875000     0.350875000   0.000000000   0.000000000   0.073364800   0.073366592   0.217688400   0.217705543   0.073364800   0.073366592   0.300000000   0.300000000   0.123565300   0.123562005
    6.0150     0.421050000     0.421050000   0.000000000   0.000000000   0.073364900   0.073366574   0.217689300   0.217705428   0.073364900   0.073366574   0.300000000   0.300000000   0.123565000   0.123561925
    7.0175     0.491225000     0.491225000   0.000000000   0.000000000   0.073365000   0.073366558   0.217690200   0.217705320   0.073365000   0.073366558   0.300000000   0.300000000   0.123564700   0.123561844
    8.0200     0.561400000     0.561400000   0.000000000   0.000000000   0.073365100   0.073366542   0.217691000   0.217705221   0.073365100   0.073366542   0.300000000   0.300000000   0.123564500   0.123561762
    9.0226     0.631582000     0.631582000   0.000000000   0.000000000   0.073365200   0.073366527   0.217691900   0.217705131   0.073365200   0.073366527   0.300000000   0.300000000   0.123564200   0.123561678
   10.0251     0.701757000     0.701757000   0.000000000   0.000000000   0.073365200   0.073366513   0.217692800   0.217705050   0.073365200   0.073366513   0.300000000   0.300000000   0.123563900   0.123561592
   11.0276     0.771932000     0.771932000   0.000000000   0.000000000   0.073365300   0.073366500   0.217693700   0.217704980   0.073365300   0.073366500   0.300000000   0.300000000   0.123563700   0.123561504
   12.0301     0.842107000     0.842107000   0.000000000   0.000000000   0.073365400   0.073366489   0.217694600   0.217704920   0.073365400   0.073366489   0.300000000   0.300000000   0.123563400   0.123561414
   13.0326     0.912282000     0.912282000   0.000000000   0.000000000   0.073365500   0.073366478   0.217695500   0.217704871   0.073365500   0.073366478   0.300000000   0.300000000   0.123563100   0.123561322
   14.0351     0.982457000     0.982457000   0.000000000   0.000000000   0.073365600   0.073366469   0.217696400   0.217704834   0.073365600   0.073366469   0.300000000   0.300000000   0.123562900   0.123561227
   15.0376     1.052632000     1.052632000   0.000000000   0.000000000   0.073365700   0.073366461   0.217697300   0.217704809   0.073365700   0.073366461   0.300000000   0.300000000   0.123562600   0.123561130
   16.0401     1.122807000     1.122807000   0.000000000   0.000000000   0.073365800   0.073366454   0.217698200   0.217704797   0.073365800   0.073366454   0.300000000   0.300000000   0.123562300   0.123561030
   17.0426     1.192982000     1.192982000   0.000000000   0.000000000   0.073365900   0.073366449   0.217699100   0.217704798   0.073365900   0.073366449   0.300000000   0.300000000   0.123562000   0.123560928
   18.0451     1.263157000     1.263157000   0.000000000   0.000000000   0.073366000   0.073366445   0.217700000   0.217704813   0.073366000   0.073366445   0.300000000   0.300000000   0.123561800   0.123560823
   19.0476     1.333332000     1.333332000   0.000000000   0.000000000   0.073366000   0.073366442   0.217701000   0.217704842   0.073366000   0.073366442   0.300000000   0.300000000   0.123561500   0.123560715
   20.0501     1.403507000     1.403507000   0.000000000   0.000000000   0.073366100   0.073366442   0.217701900   0.217704887   0.073366100   0.073366442   0.300000000   0.300000000   0.123561200   0.123560605
   21.0526     1.473682000     1.473682000   0.000000000   0.000000000   0.073366200   0.073366442   0.217702900   0.217704946   0.073366200   0.073366442   0.300000000   0.300000000   0.123560900   0.123560491
   22.0551     1.543857000     1.543857000   0.000000000   0.000000000   0.073366300   0.073366445   0.217703800   0.217705022   0.073366300   0.073366445   0.300000000   0.300000000   0.123560600   0.123560374
   23.0576     1.614032000     1.614032000   0.000000000   0.000000000   0.073366400   0.073366449   0.217704800   0.217705115   0.073366400   0.073366449   0.300000000   0.300000000   0.123560300   0.123560253
   24.0602     1.684214000     1.684214000   0.000000000   0.000000000   0.073366500   0.073366455   0.217705800   0.217705224   0.073366500   0.073366455   0.300000000   0.300000000   0.123560100   0.123560130
   25.0627     1.754389000     1.754389000   0.000000000   0.000000000   0.073366600   0.073366463   0.217706700   0.217705352   0.073366600   0.073366463   0.300000000   0.300000000   0.123559800   0.123560002
   26.0652     1.824564001     1.824564000   0.000000000   0.000000000   0.073366700   0.073366473   0.217707700   0.217705497   0.073366700   0.073366473   0.300000000   0.300000000   0.123559500   0.123559871
   27.0677     1.894739000     1.894739000   0.000000000   0.000000000   0.073366800   0.073366484   0.217708700   0.217705662   0.073366800   0.073366484   0.300000000   0.300000000   0.123559200   0.123559737
   28.0702     1.964914000     1.964914000   0.000000000   0.000000000   0.073366900   0.073366498   0.217709700   0.217705845   0.073366900   0.073366498   0.300000000   0.300000000   0.123558900   0.123559598
   29.0727     2.035089000     2.035089000   0.000000000   0.000000000   0.073367000   0.073366514   0.217710700   0.217706049   0.073367000   0.073366514   0.300000000   0.300000000   0.123558600   0.123559455
   30.0752     2.105264000     2.105264000   0.000000000   0.000000000   0.073367100   0.073366531   0.217711700   0.217706272   0.073367100   0.073366531   0.300000000   0.300000000   0.123558300   0.123559309
   31.0777     2.175438999     2.175439000   0.000000000   0.000000000   0.073367200   0.073366551   0.217712700   0.217706517   0.073367200   0.073366551   0.300000000   0.300000000   0.123558000   0.123559158
   32.0802     2.245614000     2.245614000   0.000000000   0.000000000   0.073367300   0.073366574   0.217713700   0.217706783   0.073367300   0.073366574   0.300000000   0.300000000   0.123557700   0.123559003
   33.0827     2.315789000     2.315789000   0.000000000   0.000000000   0.073367400   0.073366598   0.217714700   0.217707072   0.073367400   0.073366598   0.300000000   0.300000000   0.123557400   0.123558843
   34.0852     2.385964000     2.385964000   0.000000000   0.000000000   0.073367500   0.073366625   0.217715700   0.217707383   0.073367500   0.073366625   0.300000000   0.300000000   0.123557100   0.123558679
   35.0877     2.456139000     2.456139000   0.000000000   0.000000000   0.073367600   0.073366654   0.217716800   0.217707717   0.073367600   0.073366654   0.300000000   0.300000000   0.123556800   0.123558510
   36.0902     2.526314000     2.526314000   0.000000000   0.000000000   0.073367700   0.073366686   0.217717800   0.217708074   0.073367700   0.073366686   0.300000000   0.300000000   0.123556500   0.123558336
   37.0927     2.596489000     2.596489000   0.000000000   0.000000000   0.073367800   0.073366720   0.217718800   0.217708456   0.073367800   0.073366720   0.300000000   0.300000000   0.123556200   0.123558158
   38.0952     2.666664000     2.666664000   0.000000000   0.000000000   0.073367900   0.073366757   0.217719900   0.217708863   0.073367900   0.073366757   0.300000000   0.300000000   0.123555900   0.123557975
   39.0977     2.736839000     2.736839000   0.000000000   0.000000000   0.073368000   0.073366797   0.217720900   0.217709295   0.073368000   0.073366797   0.300000000   0.300000000   0.123555600   0.123557786
   40.1003     2.807021000     2.807021000   0.000000000   0.000000000   0.073368100   0.073366839   0.217722000   0.217709752   0.073368100   0.073366839   0.300000000   0.300000000   0.123555300   0.123557592
   41.1028     2.877196000     2.877196000   0.000000000   0.000000000   0.073368200   0.073366884   0.217723000   0.217710237   0.073368200   0.073366884   0.300000000   0.300000000   0.123555000   0.123557393
   42.1053     2.947371000     2.947371000   0.000000000   0.000000000   0.073368300   0.073366932   0.217724100   0.217710748   0.073368300   0.073366932   0.300000000   0.300000000   0.123554700   0.123557189
   43.1078     3.017546000     3.017546000   0.000000000   0.000000000   0.073368400   0.073366982   0.217725200   0.217711286   0.073368400   0.073366982   0.300000000   0.300000000   0.123554300   0.123556979
   44.1103     3.087721000     3.087721000   0.000000000   0.000000000   0.073368500   0.073367035   0.217726300   0.217711853   0.073368500   0.073367035   0.300000000   0.300000000   0.123554000   0.123556763
   45.1128     3.157896000     3.157896000   0.000000000   0.000000000   0.073368600   0.073367092   0.217727400   0.217712448   0.073368600   0.073367092   0.300000000   0.300000000   0.123553700   0.123556542
   46.1153     3.228071000     3.228071000   0.000000000   0.000000000   0.073368800   0.073367151   0.217728500   0.217713072   0.073368800   0.073367151   0.300000000   0.300000000   0.123553400   0.123556314
   47.1178     3.298246000     3.298246000   0.000000000   0.000000000   0.073368900   0.073367214   0.217729500   0.217713726   0.073368900   0.073367214   0.300000000   0.300000000   0.123553100   0.123556081
   48.1203     3.368421000     3.368421000   0.000000000   0.000000000   0.073369000   0.073367279   0.217730600   0.217714410   0.073369000   0.073367279   0.300000000   0.300000000   0.123552700   0.123555841
   49.1228     3.438596000     3.438596000   0.000000000   0.000000000   0.073369100   0.073367348   0.217731800   0.217715125   0.073369100   0.073367348   0.300000000   0.300000000   0.123552400   0.123555596
   50.1253     3.508771000     3.508771000   0.000000000   0.000000000   0.073369200   0.073367420   0.217732900   0.217715871   0.073369200   0.073367420   0.300000000   0.300000000   0.123552100   0.123555344
   51.1278     3.578946000     3.578946000   0.000000000   0.000000000   0.073369300   0.073367496   0.217734000   0.217716649   0.073369300   0.073367496   0.300000000   0.300000000   0.123551800   0.123555085
   52.1303     3.649121000     3.649121000   0.000000000   0.000000000   0.073369400   0.073367574   0.217735100   0.217717459   0.073369400   0.073367574   0.300000000   0.300000000   0.123551400   0.123554820
   53.1328     3.719296000     3.719296000   0.000000000   0.000000000   0.073369500   0.073367657   0.217736300   0.217718302   0.073369500   0.073367657   0.300000000   0.300000000   0.123551100   0.123554549
   54.1353     3.789471000     3.789471000   0.000000000   0.000000000   0.073369600   0.073367742   0.217737400   0.217719179   0.073369600   0.073367742   0.300000000   0.300000000   0.123550800   0.123554270
   55.1378     3.859646000     3.859646000   0.000000000   0.000000000   0.073369700   0.073367831   0.217738500   0.217720090   0.073369700   0.073367831   0.300000000   0.300000000   0.123550400   0.123553985
   56.1404     3.929828000     3.929828000   0.000000000   0.000000000   0.073369900   0.073367924   0.217739700   0.217721035   0.073369900   0.073367924   0.300000000   0.300000000   0.123550100   0.123553693
   57.1429     4.000003000     4.000003000   0.000000000   0.000000000   0.073370000   0.073368020   0.217740900   0.217722015   0.073370000   0.073368020   0.300000000   0.300000000   0.123549800   0.123553393
   58.1454     4.070178000     4.070178000   0.000000000   0.000000000   0.073370100   0.073368120   0.217742000   0.217723031   0.073370100   0.073368120   0.300000000   0.300000000   0.123549400   0.123553087
   59.1479     4.140353000     4.140353000   0.000000000   0.000000000   0.073370200   0.073368224   0.217743200   0.217724083   0.073370200   0.073368224   0.300000000   0.300000000   0.123549100   0.123552773
   60.1504     4.210528000     4.210528000   0.000000000   0.000000000   0.073370300   0.073368332   0.217744400   0.217725172   0.073370300   0.073368332   0.300000000   0.300000000   0.123548800   0.123552452
   61.1529     4.280703000     4.280703000   0.000000000   0.000000000   0.073370400   0.073368443   0.217745600   0.217726299   0.073370400   0.073368443   0.300000000   0.300000000   0.123548400   0.123552123
   62.1554     4.350878000     4.350878000   0.000000000   0.000000000   0.073370600   0.073368559   0.217746700   0.217727462   0.073370600   0.073368559   0.300000000   0.300000000   0.123548100   0.123551786
   63.1579     4.421053000     4.421053000   0.000000000   0.000000000   0.073370700   0.073368678   0.217747900   0.217728665   0.073370700   0.073368678   0.300000000   0.300000000   0.123547700   0.123551442
   64.1604     4.491228000     4.491228000   0.000000000   0.000000000   0.073370800   0.073368801   0.217749200   0.217729906   0.073370800   0.073368801   0.300000000   0.300000000   0.123547400   0.123551089
   65.1629     4.561403000     4.561403000   0.000000000   0.000000000   0.073370900   0.073368929   0.217750400   0.217731187   0.073370900   0.073368929   0.300000000   0.300000000   0.123547000   0.123550729
   66.1654     4.631578000     4.631578000   0.000000000   0.000000000   0.073371000   0.073369060   0.217751600   0.217732507   0.073371000   0.073369060   0.300000000   0.300000000   0.123546700   0.123550361
   67.1679     4.701753000     4.701753000   0.000000000   0.000000000   0.073371200   0.073369196   0.217752800   0.217733869   0.073371200   0.073369196   0.300000000   0.300000000   0.123546300   0.123549984
   68.1704     4.771928000     4.771928000   0.000000000   0.000000000   0.073371300   0.073369336   0.217754000   0.217735271   0.073371300   0.073369336   0.300000000   0.300000000   0.123546000   0.123549599
   69.1729     4.842103000     4.842103000   0.000000000   0.000000000   0.073371400   0.073369481   0.217755300   0.217736715   0.073371400   0.073369481   0.300000000   0.300000000   0.123545600   0.123549206
   70.1754     4.912278000     4.912278000   0.000000000   0.000000000   0.073371500   0.073369629   0.217756500   0.217738201   0.073371500   0.073369629   0.300000000   0.300000000   0.123545300   0.123548804
   71.1779     4.982453000     4.982453000   0.000000000   0.000000000   0.073371700   0.073369783   0.217757800   0.217739730   0.073371700   0.073369783   0.300000000   0.300000000   0.123544900   0.123548394
   72.1805     5.052635000     5.052635000   0.000000000   0.000000000   0.073371800   0.073369940   0.217759100   0.217741302   0.073371800   0.073369940   0.300000000   0.300000000   0.123544500   0.123547974
   73.1830     5.122810000     5.122810000   0.000000000   0.000000000   0.073371900   0.073370102   0.217760300   0.217742918   0.073371900   0.073370102   0.300000000   0.300000000   0.123544200   0.123547546
   74.1855     5.192985000     5.192985000   0.000000000   0.000000000   0.073372000   0.073370269   0.217761600   0.217744578   0.073372000   0.073370269   0.300000000   0.300000000   0.123543800   0.123547109
   75.1880     5.263160000     5.263160000   0.000000000   0.000000000   0.073372200   0.073370441   0.217762900   0.217746283   0.073372200   0.073370441   0.300000000   0.300000000   0.123543400   0.123546662
   76.1905     5.333335000     5.333335000   0.000000000   0.000000000   0.073372300   0.073370617   0.217764200   0.217748034   0.073372300   0.073370617   0.300000000   0.300000000   0.123543100   0.123546207
   77.1930     5.403510000     5.403510000   0.000000000   0.000000000   0.073372400   0.073370798   0.217765500   0.217749831   0.073372400   0.073370798   0.300000000   0.300000000   0.123542700   0.123545742
   78.1955     5.473685000     5.473685000   0.000000000   0.000000000   0.073372600   0.073370983   0.217767000   0.217751674   0.073372600   0.073370983   0.300000000   0.300000000   0.123542300   0.123545267
   79.1980     5.543860000     5.543860000   0.000000000   0.000000000   0.073372700   0.073371174   0.217768600   0.217753564   0.073372700   0.073371174   0.300000000   0.300000000   0.123541900   0.123544783
   80.2005     5.614035000     5.614035000   0.000000000   0.000000000   0.073372900   0.073371370   0.217770200   0.217755502   0.073372900   0.073371370   0.300000000   0.300000000   0.123541400   0.123544290
   81.2030     5.684210000     5.684210000   0.000000000   0.000000000   0.073373100   0.073371570   0.217771800   0.217757488   0.073373100   0.073371570   0.300000000   0.300000000   0.123541000   0.123543786
   82.2055     5.754385000     5.754385000   0.000000000   0.000000000   0.073373200   0.073371776   0.217773300   0.217759522   0.073373200   0.073371776   0.300000000   0.300000000   0.123540600   0.123543273
   83.2080     5.824560000     5.824560000   0.000000000   0.000000000   0.073373400   0.073371986   0.217774900   0.217761606   0.073373400   0.073371986   0.300000000   0.300000000   0.123540100   0.123542750
   84.2105     5.894735000     5.894735000   0.000000000   0.000000000   0.073373500   0.073372202   0.217776500   0.217763740   0.073373500   0.073372202   0.300000000   0.300000000   0.123539700   0.123542216
   85.2130     5.964910000     5.964910000   0.000000000   0.000000000   0.073373700   0.073372423   0.217778200   0.217765924   0.073373700   0.073372423   0.300000000   0.300000000   0.123539200   0.123541672
   86.2155     6.035085000     6.035085000   0.000000000   0.000000000   0.073373900   0.073372649   0.217779800   0.217768159   0.073373900   0.073372649   0.300000000   0.300000000   0.123538800   0.123541118
   87.2180     6.105260000     6.105260000   0.000000000   0.000000000   0.073374000   0.073372881   0.217781400   0.217770445   0.073374000   0.073372881   0.300000000   0.300000000   0.123538400   0.123540554
   88.2206     6.175442000     6.175442000   0.000000000   0.000000000   0.073374200   0.073373118   0.217783100   0.217772784   0.073374200   0.073373118   0.300000000   0.300000000   0.123537900   0.123539979
   89.2231     6.245617000     6.245617000   0.000000000   0.000000000   0.073374400   0.073373360   0.217784700   0.217775175   0.073374400   0.073373360   0.300000000   0.300000000   0.123537500   0.123539393
   90.2256     6.315792000     6.315792000   0.000000000   0.000000000   0.073374500   0.073373608   0.217786400   0.217777619   0.073374500   0.073373608   0.300000000   0.300000000   0.123537000   0.123538797
   91.2281     6.385967000     6.385967000   0.000000000   0.000000000   0.073374700   0.073373862   0.217788100   0.217780116   0.073374700   0.073373862   0.300000000   0.300000000   0.123536600   0.123538189
   92.2306     6.456142000     6.456142000   0.000000000   0.000000000   0.073374900   0.073374121   0.217789800   0.217782668   0.073374900   0.073374121   0.300000000   0.300000000   0.123536100   0.123537571
   93.2331     6.526317000     6.526317000   0.000000000   0.000000000   0.073375000   0.073374386   0.217791500   0.217785274   0.073375000   0.073374386   0.300000000   0.300000000   0.123535600   0.123536941
   94.2356     6.596492000     6.596492000   0.000000000   0.000000000   0.073375200   0.073374656   0.217793200   0.217787936   0.073375200   0.073374656   0.300000000   0.300000000   0.123535200   0.123536300
   95.2381     6.666667000     6.666667000   0.000000000   0.000000000   0.073375400   0.073374932   0.217794900   0.217790653   0.073375400   0.073374932   0.300000000   0.300000000   0.123534700   0.123535648
   96.2406     6.736842000     6.736842000   0.000000000   0.000000000   0.073375500   0.073375214   0.217796600   0.217793427   0.073375500   0.073375214   0.300000000   0.300000000   0.123534200   0.123534985
   97.2431     6.807017000     6.807017000   0.000000000   0.000000000   0.073375700   0.073375502   0.217798400   0.217796257   0.073375700   0.073375502   0.300000000   0.300000000   0.123533800   0.123534309
   98.2456     6.877192000     6.877192000   0.000000000   0.000000000   0.073375900   0.073375796   0.217800100   0.217799145   0.073375900   0.073375796   0.300000000   0.300000000   0.123533300   0.123533623
   99.2481     6.947367000     6.947367000   0.000000000   0.000000000   0.073376100   0.073376096   0.217801900   0.217802091   0.073376100   0.073376096   0.300000000   0.300000000   0.123532800   0.123532924
  100.2506     7.017542000     7.017542000   0.000000000   0.000000000   0.073376200   0.073376402   0.217803600   0.217805096   0.073376200   0.073376402   0.300000000   0.300000000   0.123532400   0.123532213
  101.2531     7.087717000     7.087717000   0.000000000   0.000000000   0.073376400   0.073376714   0.217805400   0.217808159   0.073376400   0.073376714   0.300000000   0.300000000   0.123531900   0.123531491
  102.2556     7.157892000     7.157892000   0.000000000   0.000000000   0.073376600   0.073377032   0.217807200   0.217811282   0.073376600   0.073377032   0.300000000   0.300000000   0.123531400   0.123530756
  103.2581     7.228067000     7.228067000   0.000000000   0.000000000   0.073376800   0.073377357   0.217809000   0.217814466   0.073376800   0.073377357   0.300000000   0.300000000   0.123530900   0.123530009
  104.2607     7.298249000     7.298249000   0.000000000   0.000000000   0.073377000   0.073377687   0.217810800   0.217817710   0.073377000   0.073377687   0.300000000   0.300000000   0.123530400   0.123529250
  105.2632     7.368424000     7.368424000   0.000000000   0.000000000   0.073377100   0.073378025   0.217812600   0.217821015   0.073377100   0.073378025   0.300000000   0.300000000   0.123529900   0.123528478
  106.2657     7.438599000     7.438599000   0.000000000   0.000000000   0.073377300   0.073378368   0.217814400   0.217824382   0.073377300   0.073378368   0.300000000   0.300000000   0.123529500   0.123527694
  107.2682     7.508774000     7.508774000   0.000000000   0.000000000   0.073377500   0.073378718   0.217816200   0.217827811   0.073377500   0.073378718   0.300000000   0.300000000   0.123529000   0.123526896
  108.2707     7.578949000     7.578949000   0.000000000   0.000000000   0.073377700   0.073379074   0.217818100   0.217831303   0.073377700   0.073379074   0.300000000   0.300000000   0.123528500   0.123526087
  109.2732     7.649124000     7.649124000   0.000000000   0.000000000   0.073377900   0.073379437   0.217819900   0.217834859   0.073377900   0.073379437   0.300000000   0.300000000   0.123528000   0.123525264
  110.2757     7.719299000     7.719299000   0.000000000   0.000000000   0.073378100   0.073379807   0.217821800   0.217838478   0.073378100   0.073379807   0.300000000   0.300000000   0.123527500   0.123524428
  111.2782     7.789474000     7.789474000   0.000000000   0.000000000   0.073378300   0.073380183   0.217823700   0.217842162   0.073378300   0.073380183   0.300000000   0.300000000   0.123527000   0.123523579
  112.2807     7.859649000     7.859649000   0.000000000   0.000000000   0.073378400   0.073380566   0.217825500   0.217845911   0.073378400   0.073380566   0.300000000   0.300000000   0.123526500   0.123522717
  113.2832     7.929824000     7.929824000   0.000000000   0.000000000   0.073378600   0.073380956   0.217827400   0.217849726   0.073378600   0.073380956   0.300000000   0.300000000   0.123526000   0.123521842
  114.2857     7.999999000     7.999999000   0.000000000   0.000000000   0.073378800   0.073381352   0.217829300   0.217853606   0.073378800   0.073381352   0.300000000   0.300000000   0.123525400   0.123520953
  115.2882     8.070174000     8.070174000   0.000000000   0.000000000   0.073379000   0.073381756   0.217831300   0.217857554   0.073379000   0.073381756   0.300000000   0.300000000   0.123524900   0.123520050
  116.2907     8.140349000     8.140349000   0.000000000   0.000000000   0.073379200   0.073382166   0.217833200   0.217861568   0.073379200   0.073382166   0.300000000   0.300000000   0.123524400   0.123519134
  117.2932     8.210524000     8.210524000   0.000000000   0.000000000   0.073379400   0.073382584   0.217835100   0.217865651   0.073379400   0.073382584   0.300000000   0.300000000   0.123523900   0.123518204
  118.2957     8.280699000     8.280699000   0.000000000   0.000000000   0.073379600   0.073383008   0.217837100   0.217869801   0.073379600   0.073383008   0.300000000   0.300000000   0.123523400   0.123517260
  119.2982     8.350874000     8.350874000   0.000000000   0.000000000   0.073379800   0.073383440   0.217839000   0.217874021   0.073379800   0.073383440   0.300000000   0.300000000   0.123522900   0.123516302
  120.3008     8.421056000     8.421056000   0.000000000   0.000000000   0.073380000   0.073383879   0.217841000   0.217878310   0.073380000   0.073383879   0.300000000   0.300000000   0.123522300   0.123515330
  121.3033     8.491231000     8.491231000   0.000000000   0.000000000   0.073380200   0.073384325   0.217843000   0.217882669   0.073380200   0.073384325   0.300000000   0.300000000   0.123521800   0.123514343
  122.3058     8.561406000     8.561406000   0.000000000   0.000000000   0.073380400   0.073384778   0.217845000   0.217887098   0.073380400   0.073384778   0.300000000   0.300000000   0.123521300   0.123513342
  123.3083     8.631581000     8.631581000   0.000000000   0.000000000   0.073380600   0.073385239   0.217847000   0.217891599   0.073380600   0.073385239   0.300000000   0.300000000   0.123520700   0.123512327
  124.3108     8.701756000     8.701756000   0.000000000   0.000000000   0.073380800   0.073385707   0.217849000   0.217896171   0.073380800   0.073385707   0.300000000   0.300000000   0.123520200   0.123511297
  125.3133     8.771931000     8.771931000   0.000000000   0.000000000   0.073381000   0.073386183   0.217851000   0.217900815   0.073381000   0.073386183   0.300000000   0.300000000   0.123519700   0.123510253
  126.3158     8.842106000     8.842106000   0.000000000   0.000000000   0.073381200   0.073386666   0.217853000   0.217905531   0.073381200   0.073386666   0.300000000   0.300000000   0.123519100   0.123509194
  127.3183     8.912281000     8.912281000   0.000000000   0.000000000   0.073381400   0.073387156   0.217855100   0.217910321   0.073381400   0.073387156   0.300000000   0.300000000   0.123518600   0.123508119
  128.3208     8.982456000     8.982456000   0.000000000   0.000000000   0.073381600   0.073387655   0.217857100   0.217915185   0.073381600   0.073387655   0.300000000   0.300000000   0.123518000   0.123507030
  129.3233     9.052631000     9.052631000   0.000000000   0.000000000   0.073381800   0.073388161   0.217859200   0.217920123   0.073381800   0.073388161   0.300000000   0.300000000   0.123517500   0.123505926
  130.3258     9.122806000     9.122806000   0.000000000   0.000000000   0.073381900   0.073388674   0.217860300   0.217925136   0.073381900   0.073388674   0.300000000   0.300000000   0.123517100   0.123504806
  131.3283     9.192981000     9.192981000   0.000000000   0.000000000   0.073382000   0.073389196   0.217860400   0.217930224   0.073382000   0.073389196   0.300000000   0.300000000   0.123517000   0.123503671
  132.3308     9.263156000     9.263156000   0.000000000   0.000000000   0.073381800   0.073389725   0.217859000   0.217935388   0.073381800   0.073389725   0.300000000   0.300000000   0.123517200   0.123502520
  133.3333     9.333331000     9.333331000   0.000000000   0.000000000   0.073381500   0.073390263   0.217855700   0.217940628   0.073381500   0.073390263   0.300000000   0.300000000   0.123517700   0.123501354
  134.3358     9.403506000     9.403506000   0.000000000   0.000000000   0.073381000   0.073390808   0.217851400   0.217945946   0.073381000   0.073390808   0.300000000   0.300000000   0.123518500   0.123500172
  135.3383     9.473681000     9.473681000   0.000000000   0.000000000   0.073380400   0.073391361   0.217845400   0.217951341   0.073380400   0.073391361   0.300000000   0.300000000   0.123519700   0.123498975
  136.3409     9.543863000     9.543863000   0.000000000   0.000000000   0.073379600   0.073391923   0.217837500   0.217956815   0.073379600   0.073391923   0.300000000   0.300000000   0.123521200   0.123497761
  137.3434     9.614038000     9.614038000   0.000000000   0.000000000   0.073378600   0.073392492   0.217828500   0.217962367   0.073378600   0.073392492   0.300000000   0.300000000   0.123523000   0.123496532
  138.3459     9.684213000     9.684213000   0.000000000   0.000000000   0.073377500   0.073393070   0.217817900   0.217967998   0.073377500   0.073393070   0.300000000   0.300000000   0.123525100   0.123495286
  139.3484     9.754388000     9.754388000   0.000000000   0.000000000   0.073376200   0.073393656   0.217805400   0.217973709   0.073376200   0.073393656   0.300000000   0.300000000   0.123527600   0.123494024
  140.3509     9.824563000     9.824563000   0.000000000   0.000000000   0.073374800   0.073394250   0.217791600   0.217979500   0.073374800   0.073394250   0.300000000   0.300000000   0.123530300   0.123492746
  141.3534     9.894738000     9.894738000   0.000000000   0.000000000   0.073373200   0.073394852   0.217776200   0.217985372   0.073373200   0.073394852   0.300000000   0.300000000   0.123533500   0.123491451
  142.3559     9.964913000     9.964913000   0.000000000   0.000000000   0.073371400   0.073395463   0.217758900   0.217991325   0.073371400   0.073395463   0.300000000   0.300000000   0.123537000   0.123490139
  143.3584    10.035088000    10.035088000   0.000000000   0.000000000   0.073369500   0.073396083   0.217740300   0.217997360   0.073369500   0.073396083   0.300000000   0.300000000   0.123540700   0.123488811
  144.3609    10.105263000    10.105263000   0.000000000   0.000000000   0.073367400   0.073396711   0.217720100   0.218003478   0.073367400   0.073396711   0.300000000   0.300000000   0.123544900   0.123487466
  145.3634    10.175438000    10.175438000   0.000000000   0.000000000   0.073365100   0.073397347   0.217697800   0.218009678   0.073365100   0.073397347   0.300000000   0.300000000   0.123549400   0.123486104
  146.3659    10.245613000    10.245613000   0.000000000   0.000000000   0.073362700   0.073397993   0.217674200   0.218015963   0.073362700   0.073397993   0.300000000   0.300000000   0.123554200   0.123484725
  147.3684    10.315788000    10.315788000   0.000000000   0.000000000   0.073419000   0.073398646   0.218218300   0.218022331   0.073419000   0.073398646   0.300000000   0.300000000   0.123444800   0.123483329
  148.3709    10.385963000    10.385963000   0.000000000   0.000000000   0.073419200   0.073399309   0.218220700   0.218028784   0.073419200   0.073399309   0.300000000   0.300000000   0.123444200   0.123481916
  149.3734    10.456138000    10.456138000   0.000000000   0.000000000   0.073419400   0.073399981   0.218223100   0.218035322   0.073419400   0.073399981   0.300000000   0.300000000   0.123443500   0.123480485
  150.3759    10.526313000    10.526313000   0.000000000   0.000000000   0.073419700   0.073400661   0.218225600   0.218041946   0.073419700   0.073400661   0.300000000   0.300000000   0.123442900   0.123479037
  151.3784    10.596488000    10.596488000   0.000000000   0.000000000   0.073419900   0.073401350   0.218228100   0.218048656   0.073419900   0.073401350   0.300000000   0.300000000   0.123442300   0.123477571
  152.3810    10.666670000    10.666670000   0.000000000   0.000000000   0.073420200   0.073402048   0.218230600   0.218055454   0.073420200   0.073402048   0.300000000   0.300000000   0.123441600   0.123476087
  153.3835    10.736845000    10.736845000   0.000000000   0.000000000   0.073420400   0.073402756   0.218233100   0.218062338   0.073420400   0.073402756   0.300000000   0.300000000   0.123441000   0.123474586
  154.3860    10.807020000    10.807020000   0.000000000   0.000000000   0.073420700   0.073403472   0.218235600   0.218069310   0.073420700   0.073403472   0.300000000   0.300000000   0.123440400   0.123473067
  155.3885    10.877195000    10.877195000   0.000000000   0.000000000   0.073421000   0.073404198   0.218238100   0.218076371   0.073421000   0.073404198   0.300000000   0.300000000   0.123439700   0.123471529
  156.3910    10.947370000    10.947370000   0.000000000   0.000000000   0.073421200   0.073404932   0.218240600   0.218083520   0.073421200   0.073404932   0.300000000   0.300000000   0.123439100   0.123469974
  157.3935    11.017545000    11.017545000   0.000000000   0.000000000   0.073421500   0.073405676   0.218243200   0.218090760   0.073421500   0.073405676   0.300000000   0.300000000   0.123438400   0.123468400
  158.3960    11.087720000    11.087720000   0.000000000   0.000000000   0.073421700   0.073406430   0.218245700   0.218098089   0.073421700   0.073406430   0.300000000   0.300000000   0.123437700   0.123466808
  159.3985    11.157895000    11.157895000   0.000000000   0.000000000   0.073422000   0.073407192   0.218248300   0.218105509   0.073422000   0.073407192   0.300000000   0.300000000   0.123437100   0.123465197
  160.4010    11.228070000    11.228070000   0.000000000   0.000000000   0.073422300   0.073407964   0.218250900   0.218113020   0.073422300   0.073407964   0.300000000   0.300000000   0.123436400   0.123463568
  161.4035    11.298245000    11.298245000   0.000000000   0.000000000   0.073422500   0.073408746   0.218253500   0.218120623   0.073422500   0.073408746   0.300000000   0.300000000   0.123435700   0.123461920
  162.4060    11.368420000    11.368420000   0.000000000   0.000000000   0.073422800   0.073409537   0.218256100   0.218128318   0.073422800   0.073409537   0.300000000   0.300000000   0.123435100   0.123460253
  163.4085    11.438595000    11.438595000   0.000000000   0.000000000   0.073423100   0.073410338   0.218258800   0.218136105   0.073423100   0.073410338   0.300000000   0.300000000   0.123434400   0.123458568
  164.4110    11.508770000    11.508770000   0.000000000   0.000000000   0.073423300   0.073411148   0.218261400   0.218143987   0.073423300   0.073411148   0.300000000   0.300000000   0.123433700   0.123456863
  165.4135    11.578945000    11.578945000   0.000000000   0.000000000   0.073423600   0.073411968   0.218264100   0.218151962   0.073423600   0.073411968   0.300000000   0.300000000   0.123433000   0.123455139
  166.4160    11.649120000    11.649120000   0.000000000   0.000000000   0.073423900   0.073412798   0.218266800   0.218160031   0.073423900   0.073412798   0.300000000   0.300000000   0.123432400   0.123453396
  167.4185    11.719295000    11.719295000   0.000000000   0.000000000   0.073424100   0.073413637   0.218269500   0.218168196   0.073424100   0.073413637   0.300000000   0.300000000   0.123431700   0.123451633
  168.4211    11.789477000    11.789477000   0.000000000   0.000000000   0.073424400   0.073414487   0.218272200   0.218176456   0.073424400   0.073414487   0.300000000   0.300000000   0.123431000   0.123449851
  169.4236    11.859652000    11.859652000   0.000000000   0.000000000   0.073424700   0.073415347   0.218274900   0.218184813   0.073424700   0.073415347   0.300000000   0.300000000   0.123430300   0.123448049
  170.4261    11.929827000    11.929827000   0.000000000   0.000000000   0.073425000   0.073416216   0.218277600   0.218193265   0.073425000   0.073416216   0.300000000   0.300000000   0.123429600   0.123446228
  171.4286    12.000002000    12.000002000   0.000000000   0.000000000   0.073425200   0.073417095   0.218280400   0.218201815   0.073425200   0.073417095   0.300000000   0.300000000   0.123428900   0.123444387
  172.4311    12.070177000    12.070177000   0.000000000   0.000000000   0.073425500   0.073417985   0.218283200   0.218210463   0.073425500   0.073417985   0.300000000   0.300000000   0.123428200   0.123442525
  173.4336    12.140352000    12.140352000   0.000000000   0.000000000   0.073425800   0.073418885   0.218286000   0.218219208   0.073425800   0.073418885   0.300000000   0.300000000   0.123427500   0.123440644
  174.4361    12.210527000    12.210527000   0.000000000   0.000000000   0.073426100   0.073419795   0.218288800   0.218228053   0.073426100   0.073419795   0.300000000   0.300000000   0.123426700   0.123438743
  175.4386    12.280702000    12.280702000   0.000000000   0.000000000   0.073426400   0.073420715   0.218291500   0.218236997   0.073426400   0.073420715   0.300000000   0.300000000   0.123426000   0.123436821
  176.4411    12.350877000    12.350877000   0.000000000   0.000000000   0.073426700   0.073421645   0.218294300   0.218246041   0.073426700   0.073421645   0.300000000   0.300000000   0.123425300   0.123434879
  177.4436    12.421052000    12.421052000   0.000000000   0.000000000   0.073426900   0.073422586   0.218297200   0.218255185   0.073426900   0.073422586   0.300000000   0.300000000   0.123424600   0.123432916
  178.4461    12.491227000    12.491227000   0.000000000   0.000000000   0.073427200   0.073423538   0.218300000   0.218264430   0.073427200   0.073423538   0.300000000   0.300000000   0.123423900   0.123430933
  179.4486    12.561402000    12.561402000   0.000000000   0.000000000   0.073427500   0.073424500   0.218302900   0.218273777   0.073427500   0.073424500   0.300000000   0.300000000   0.123423100   0.123428929
  180.4511    12.631577000    12.631577000   0.000000000   0.000000000   0.073427800   0.073425472   0.218305800   0.218283226   0.073427800   0.073425472   0.300000000   0.300000000   0.123422400   0.123426905
  181.4536    12.701752000    12.701752000   0.000000000   0.000000000   0.073428100   0.073426455   0.218308700   0.218292777   0.073428100   0.073426455   0.300000000   0.300000000   0.123421600   0.123424859
  182.4561    12.771927000    12.771927000   0.000000000   0.000000000   0.073428400   0.073427449   0.218311600   0.218302432   0.073428400   0.073427449   0.300000000   0.300000000   0.123420900   0.123422792
  183.4586    12.842102000    12.842102000   0.000000000   0.000000000   0.073428700   0.073428453   0.218314600   0.218312190   0.073428700   0.073428453   0.300000000   0.300000000   0.123420200   0.123420704
  184.4612    12.912284000    12.912284000   0.000000000   0.000000000   0.073429000   0.073429468   0.218317500   0.218322053   0.073429000   0.073429468   0.300000000   0.300000000   0.123419400   0.123418595
  185.4637    12.982459000    12.982459000   0.000000000   0.000000000   0.073429300   0.073430495   0.218320500   0.218332020   0.073429300   0.073430495   0.300000000   0.300000000   0.123418700   0.123416464
  186.4662    13.052634000    13.052634000   0.000000000   0.000000000   0.073429600   0.073431531   0.218323500   0.218342093   0.073429600   0.073431531   0.300000000   0.300000000   0.123417900   0.123414312
  187.4687    13.122809000    13.122809000   0.000000000   0.000000000   0.073429900   0.073432579   0.218326500   0.218352271   0.073429900   0.073432579   0.300000000   0.300000000   0.123417100   0.123412138
  188.4712    13.192984000    13.192984000   0.000000000   0.000000000   0.073430200   0.073433638   0.218329600   0.218362556   0.073430200   0.073433638   0.300000000   0.300000000   0.123416400   0.123409943
  189.4737    13.263159000    13.263159000   0.000000000   0.000000000   0.073430500   0.073434708   0.218332600   0.218372948   0.073430500   0.073434708   0.300000000   0.300000000   0.123415600   0.123407725
  190.4762    13.333334000    13.333334000   0.000000000   0.000000000   0.073430800   0.073435789   0.218335700   0.218383447   0.073430800   0.073435789   0.300000000   0.300000000   0.123414800   0.123405486
  191.4787    13.403509000    13.403509000   0.000000000   0.000000000   0.073431100   0.073436881   0.218338700   0.218394055   0.073431100   0.073436881   0.300000000   0.300000000   0.123414000   0.123403225
  192.4812    13.473684000    13.473684000   0.000000000   0.000000000   0.073431500   0.073437985   0.218341800   0.218404771   0.073431500   0.073437985   0.300000000   0.300000000   0.123413300   0.123400941
  193.4837    13.543859000    13.543859000   0.000000000   0.000000000   0.073431800   0.073439099   0.218344900   0.218415596   0.073431800   0.073439099   0.300000000   0.300000000   0.123412500   0.123398635
  194.4862    13.614034000    13.614034000   0.000000000   0.000000000   0.073432100   0.073440225   0.218348100   0.218426531   0.073432100   0.073440225   0.300000000   0.300000000   0.123411700   0.123396307
  195.4887    13.684209000    13.684209000   0.000000000   0.000000000   0.073432400   0.073441363   0.218351200   0.218437576   0.073432400   0.073441363   0.300000000   0.300000000   0.123410900   0.123393957
  196.4912    13.754384000    13.754384000   0.000000000   0.000000000   0.073432700   0.073442512   0.218354400   0.218448731   0.073432700   0.073442512   0.300000000   0.300000000   0.123410100   0.123391583
  197.4937    13.824559000    13.824559000   0.000000000   0.000000000   0.073433100   0.073443672   0.218357600   0.218459998   0.073433100   0.073443672   0.300000000   0.300000000   0.123409300   0.123389187
  198.4962    13.894734000    13.894734000   0.000000000   0.000000000   0.073433400   0.073444844   0.218360800   0.218471377   0.073433400   0.073444844   0.300000000   0.300000000   0.123408500   0.123386768
  199.4987    13.964909000    13.964909000   0.000000000   0.000000000   0.073433700   0.073446028   0.218364000   0.218482869   0.073433700   0.073446028   0.300000000   0.300000000   0.123407600   0.123384326
