# DARPA SUBOFF bare hull: stations (DARPA SUBOFF bare hull (AFF-1), equations of Groves, Huang and Chang (1989))
# x from the nose; A/Am against x/L is the sectional area curve; r = sqrt(A / pi)
# x_m  x/L  area_m2  A/Am  r_m  girth_m  breadth_m  depth_m
0.000000000 0.000000000 0.000000000 0.000000000 0.000000000 0.000000000 0.000000000 0.000000000
0.000067176 0.000015421 0.000074698 0.000368545 0.004876172 0.030637894 0.009752344 0.009752344
0.000268701 0.000061684 0.000279560 0.001379296 0.009433275 0.059271016 0.018866550 0.018866550
0.000604561 0.000138785 0.000604664 0.002983301 0.013873379 0.087169009 0.027746757 0.027746757
0.001074736 0.000246720 0.001044652 0.005154118 0.018235215 0.114575236 0.036470430 0.036470430
0.001679198 0.000385482 0.001595484 0.007871818 0.022535709 0.141596038 0.045071419 0.045071419
0.002417908 0.000555063 0.002253697 0.011119322 0.026783842 0.168287841 0.053567684 0.053567684
0.003290821 0.000755451 0.003016110 0.014880922 0.030984796 0.194683215 0.061969592 0.061969592
0.004297884 0.000986636 0.003879665 0.019141542 0.035141652 0.220801512 0.070283304 0.070283304
0.005439034 0.001248602 0.004841351 0.023886323 0.039256210 0.246654043 0.078512420 0.078512420
0.006714201 0.001541333 0.005898153 0.029100386 0.043329442 0.272246911 0.086658883 0.086658883
0.008123307 0.001864812 0.007047019 0.034768675 0.047361755 0.297582685 0.094723511 0.094723511
0.009666263 0.002219018 0.008284844 0.040875872 0.051353167 0.322661465 0.102706334 0.102706334
0.011342976 0.002603929 0.009608459 0.047406340 0.055303413 0.347481590 0.110606825 0.110606825
0.013153341 0.003019522 0.011014625 0.054344099 0.059212025 0.372040126 0.118424050 0.118424050
0.015097248 0.003465772 0.012500031 0.061672817 0.063078391 0.396333222 0.126156783 0.126156783
0.017174575 0.003942649 0.014061298 0.069375815 0.066901794 0.420356372 0.133803589 0.133803589
0.019385196 0.004450126 0.015694977 0.077436085 0.070681444 0.444104608 0.141362887 0.141362887
0.021728973 0.004988171 0.017397561 0.085836313 0.074416501 0.467572663 0.148833001 0.148833001
0.024205762 0.005556751 0.019165483 0.094558909 0.078106098 0.490755090 0.156212197 0.156212197
0.026815410 0.006155830 0.020995130 0.103586047 0.081749357 0.513646360 0.163498714 0.163498714
0.029557757 0.006785371 0.022882849 0.112899699 0.085345398 0.536240952 0.170690796 0.170690796
0.032432633 0.007445337 0.024824954 0.122481684 0.088893354 0.558533414 0.177786707 0.177786707
0.035439861 0.008135686 0.026817739 0.132313711 0.092392377 0.580518428 0.184784755 0.184784755
0.038579254 0.008856375 0.028857483 0.142377430 0.095841652 0.602190859 0.191683304 0.191683304
0.041850621 0.009607360 0.030940466 0.152654477 0.099240396 0.623545799 0.198480792 0.198480792
0.045253758 0.010388595 0.033062973 0.163126531 0.102587871 0.644578604 0.205175742 0.205175742
0.048788457 0.011200031 0.035221311 0.173775363 0.105883386 0.665284933 0.211766771 0.211766771
0.052454498 0.012041619 0.037411812 0.184582890 0.109126302 0.685660776 0.218252604 0.218252604
0.056251656 0.012913307 0.039630854 0.195531224 0.112316038 0.705702482 0.224632077 0.224632077
0.060179696 0.013815040 0.041874859 0.206602730 0.115452075 0.725406784 0.230904151 0.230904151
0.064238377 0.014746763 0.044140317 0.217780072 0.118533958 0.744770821 0.237067915 0.237067915
0.068427447 0.015708419 0.046423783 0.229046270 0.121561298 0.763792161 0.243122596 0.243122596
0.072746649 0.016699949 0.048721900 0.240384746 0.124533780 0.782468815 0.249067559 0.249067559
0.077195717 0.017721291 0.051031397 0.251779376 0.127451160 0.800799256 0.254902320 0.254902320
0.081774374 0.018772382 0.053349109 0.263214533 0.130313272 0.818782435 0.260626544 0.260626544
0.086482340 0.019853157 0.055671979 0.274675139 0.133120026 0.836417789 0.266240051 0.266240051
0.091319323 0.020963550 0.057997070 0.286146702 0.135871412 0.853705260 0.271742824 0.271742824
0.096285026 0.022103493 0.060321572 0.297615362 0.138567502 0.870645295 0.277135005 0.277135005
0.101379142 0.023272914 0.062642813 0.309067930 0.141208451 0.887238863 0.282416902 0.282416902
0.106601357 0.024471742 0.064958261 0.320491921 0.143794495 0.903487457 0.287588990 0.287588990
0.111951349 0.025699903 0.067265537 0.331875588 0.146325956 0.919393098 0.292651912 0.292651912
0.117428787 0.026957321 0.069562416 0.343207958 0.148803241 0.934958339 0.297606483 0.297606483
0.123033334 0.028243918 0.071846834 0.354478851 0.151226841 0.950186268 0.302453683 0.302453683
0.128764644 0.029559616 0.074116896 0.365678910 0.153597333 0.965080503 0.307194665 0.307194665
0.134622364 0.030904332 0.076370874 0.376799619 0.155915375 0.979645195 0.311830751 0.311830751
0.140606132 0.032277985 0.078607218 0.387833321 0.158181714 0.993885019 0.316363427 0.316363427
0.146715579 0.033680488 0.080824551 0.398773227 0.160397174 1.007805168 0.320794348 0.320794348
0.152950328 0.035111757 0.083021675 0.409613430 0.162562665 1.021411348 0.325125330 0.325125330
0.159309996 0.036571702 0.085197574 0.420348908 0.164679173 1.034709762 0.329358347 0.329358347
0.165794188 0.038060234 0.087351408 0.430975524 0.166747764 1.047707103 0.333495529 0.333495529
0.172402506 0.039577260 0.089482519 0.441490023 0.168769578 1.060410531 0.337539155 0.337539155
0.179134542 0.041122687 0.091590422 0.451890026 0.170745825 1.072827662 0.341491651 0.341491651
0.185989880 0.042696420 0.093674812 0.462174015 0.172677789 1.084966546 0.345355578 0.345355578
0.192968098 0.044298362 0.095735552 0.472341321 0.174566814 1.096835642 0.349133628 0.349133628
0.200068765 0.045928413 0.097772673 0.482392097 0.176414309 1.108443797 0.352828619 0.352828619
0.207291443 0.047586474 0.099786371 0.492327303 0.178221739 1.119800212 0.356443478 0.356443478
0.214635687 0.049272441 0.101776994 0.502148665 0.179990620 1.130914419 0.359981240 0.359981240
0.222101044 0.050986212 0.103745043 0.511858653 0.181722516 1.141796243 0.363445032 0.363445032
0.229687053 0.052727680 0.105691161 0.521460435 0.183419032 1.152455769 0.366838065 0.366838065
0.237393246 0.054496738 0.107616123 0.530957838 0.185081809 1.162903301 0.370163617 0.370163617
0.245219147 0.056293276 0.109520830 0.540355306 0.186712514 1.173149325 0.373425028 0.373425028
0.253164275 0.058117185 0.111406296 0.549657844 0.188312839 1.183204465 0.376625679 0.376625679
0.261228139 0.059968351 0.113273640 0.558870970 0.189884490 1.193079437 0.379768980 0.379768980
0.269410242 0.061846660 0.115124072 0.568000655 0.191429178 1.202785000 0.382858356 0.382858356
0.277710078 0.063751996 0.116958882 0.577053266 0.192948616 1.212331911 0.385897232 0.385897232
0.286127137 0.065684243 0.118779428 0.586035499 0.194444507 1.221730869 0.388889014 0.388889014
0.294660898 0.067643280 0.120587121 0.594954317 0.195918536 1.230992466 0.391837072 0.391837072
0.303310835 0.069628986 0.122383411 0.603816877 0.197372363 1.240127131 0.394744726 0.394744726
0.312076415 0.071641241 0.124169775 0.612630463 0.198807613 1.249145073 0.397615226 0.397615226
0.320957098 0.073679918 0.125947699 0.621402410 0.200225867 1.258056227 0.400451734 0.400451734
0.329952334 0.075744893 0.127718666 0.630140030 0.201628654 1.266870197 0.403257308 0.403257308
0.339061570 0.077836037 0.129484138 0.638850535 0.203017441 1.275596199 0.406034881 0.406034881
0.348284243 0.079953223 0.131245540 0.647540965 0.204393622 1.284243005 0.408787245 0.408787245
0.357619785 0.082096319 0.133004248 0.656218101 0.205758516 1.292818886 0.411517032 0.411517032
0.367067619 0.084265194 0.134761569 0.664888394 0.207113350 1.301331556 0.414226699 0.414226699
0.376627164 0.086459713 0.136518727 0.673557887 0.208459254 1.309788122 0.416918508 0.416918508
0.386297829 0.088679741 0.138276850 0.682232133 0.209797255 1.318195032 0.419594511 0.419594511
0.396079017 0.090925141 0.140036948 0.690916127 0.211128266 1.326558021 0.422256533 0.422256533
0.405970126 0.093195775 0.141799904 0.699614222 0.212453080 1.334882070 0.424906160 0.424906160
0.415970545 0.095491503 0.143566457 0.708330066 0.213772362 1.343171361 0.427544723 0.427544723
0.426079658 0.097812182 0.145337189 0.717066528 0.215086643 1.351429237 0.430173287 0.430173287
0.436296840 0.100157671 0.147112510 0.725825631 0.216396318 1.359658165 0.432792636 0.432792636
0.446621462 0.102527823 0.148892647 0.734608492 0.217701634 1.367859708 0.435403268 0.435403268
0.457052886 0.104922494 0.150677629 0.743415261 0.219002692 1.376034495 0.438005383 0.438005383
0.467590470 0.107341535 0.152467281 0.752245071 0.220299439 1.384182201 0.440598879 0.440598879
0.478233562 0.109784796 0.154261211 0.761095985 0.221591671 1.392301530 0.443183342 0.443183342
0.488981508 0.112252128 0.156058801 0.769964958 0.222879024 1.400390207 0.445758047 0.445758047
0.499833643 0.114743379 0.157859202 0.778847798 0.224160979 1.408444970 0.448321958 0.448321958
0.510789299 0.117258393 0.159661325 0.787739138 0.225436861 1.416461572 0.450873722 0.450873722
0.521847799 0.119797017 0.161463842 0.796632418 0.226705838 1.424434792 0.453411676 0.453411676
0.533008461 0.122359094 0.163265176 0.805519866 0.227966927 1.432358444 0.455933853 0.455933853
0.544270597 0.124944465 0.165063508 0.814392497 0.229218992 1.440225403 0.458437984 0.458437984
0.555633513 0.127552972 0.166856770 0.823240119 0.230460755 1.448027629 0.460921510 0.460921510
0.567096507 0.130184453 0.168642656 0.832051346 0.231690795 1.455756201 0.463381591 0.463381591
0.578658872 0.132838745 0.170418621 0.840813625 0.232907561 1.463401363 0.465815121 0.465815121
0.590319895 0.135515686 0.172181891 0.849513269 0.234109372 1.470952567 0.468218744 0.468218744
0.602078856 0.138215110 0.173929473 0.858135512 0.235294434 1.478398530 0.470588868 0.470588868
0.613935031 0.140936851 0.175658166 0.866664560 0.236460844 1.485727301 0.472921688 0.472921688
0.625887688 0.143680741 0.177364577 0.875083672 0.237606604 1.492926322 0.475213208 0.475213208
0.637936090 0.146446609 0.179045137 0.883375242 0.238729632 1.499982515 0.477459264 0.477459264
0.650079493 0.149234287 0.180696123 0.891520900 0.239827777 1.506882362 0.479655553 0.479655553
0.662317149 0.152043602 0.182313681 0.899501628 0.240898832 1.513611999 0.481797663 0.481797663
0.674648302 0.154874380 0.183893850 0.907297886 0.241940551 1.520157318 0.483881103 0.483881103
0.687072192 0.157726447 0.185432594 0.914889760 0.242950669 1.526504076 0.485901339 0.485901339
0.699588053 0.160599627 0.186925832 0.922257119 0.243926916 1.532638014 0.487853832 0.487853832
0.712195112 0.163493743 0.188369478 0.929379799 0.244867040 1.538544986 0.489734079 0.489734079
0.724892591 0.166408617 0.189759476 0.936237788 0.245768829 1.544211093 0.491537657 0.491537657
0.737679709 0.169344067 0.191091845 0.942811447 0.246630135 1.549622838 0.493260269 0.493260269
0.750555675 0.172299915 0.192362725 0.949081731 0.247448898 1.554767278 0.494897795 0.494897795
0.763519696 0.175275976 0.193568428 0.955030445 0.248223174 1.559632201 0.496446348 0.496446348
0.776570972 0.178272068 0.194705491 0.960640505 0.248951166 1.564206305 0.497902331 0.497902331
0.789708698 0.181288005 0.195770737 0.965896229 0.249631250 1.568479404 0.499262501 0.499262501
0.802932063 0.184323602 0.196761333 0.970783642 0.250262018 1.572442632 0.500524035 0.500524035
0.816240251 0.187378672 0.197674857 0.975290800 0.250842304 1.576088676 0.501684607 0.501684607
0.829632443 0.190453025 0.198509373 0.979408143 0.251371231 1.579412025 0.502742462 0.502742462
0.843107811 0.193546473 0.199263499 0.983128861 0.251848251 1.582409231 0.503696502 0.503696502
0.856665525 0.196658824 0.199936492 0.986449282 0.252273189 1.585079194 0.504546378 0.504546378
0.870304749 0.199789887 0.200528327 0.989369290 0.252646292 1.587423473 0.505292585 0.505292585
0.884024640 0.202939469 0.201039791 0.991892754 0.252968284 1.589446608 0.505936569 0.505936569
0.897824352 0.206107374 0.201472567 0.994027989 0.253240419 1.591156479 0.506480838 0.506480838
0.911703035 0.209293408 0.201829339 0.995788235 0.253464541 1.592564683 0.506929083 0.506929083
0.925659832 0.212497374 0.202113890 0.997192159 0.253643154 1.593686935 0.507286307 0.507286307
0.939693883 0.215719075 0.202331211 0.998264380 0.253779481 1.594543503 0.507558961 0.507558961
0.953804321 0.218958311 0.202487609 0.999036021 0.253877545 1.595159661 0.507755090 0.507755090
0.967990277 0.222214883 0.202590827 0.999545277 0.253942244 1.595566174 0.507884487 0.507884487
0.982250874 0.225488591 0.202650160 0.999838014 0.253979427 1.595799804 0.507958854 0.507958854
0.996585234 0.228779232 0.202676583 0.999968379 0.253995984 1.595903835 0.507991968 0.507991968
1.010992473 0.232086603 0.202682879 0.999999444 0.253999929 1.595928624 0.507999859 0.507999859
1.015999898 0.233236123 0.202682992 1.000000000 0.254000000 1.595929068 0.508000000 0.508000000
1.025471701 0.235410500 0.202682992 1.000000000 0.254000000 1.595929068 0.508000000 0.508000000
1.040022025 0.238750718 0.202682992 1.000000000 0.254000000 1.595929068 0.508000000 0.508000000
1.054642549 0.242107051 0.202682992 1.000000000 0.254000000 1.595929068 0.508000000 0.508000000
1.069332369 0.245479292 0.202682992 1.000000000 0.254000000 1.595929068 0.508000000 0.508000000
1.084090581 0.248867233 0.202682992 1.000000000 0.254000000 1.595929068 0.508000000 0.508000000
1.098916273 0.252270666 0.202682992 1.000000000 0.254000000 1.595929068 0.508000000 0.508000000
1.113808531 0.255689379 0.202682992 1.000000000 0.254000000 1.595929068 0.508000000 0.508000000
1.128766436 0.259123163 0.202682992 1.000000000 0.254000000 1.595929068 0.508000000 0.508000000
1.143789067 0.262571805 0.202682992 1.000000000 0.254000000 1.595929068 0.508000000 0.508000000
1.158875495 0.266035093 0.202682992 1.000000000 0.254000000 1.595929068 0.508000000 0.508000000
1.174024791 0.269512813 0.202682992 1.000000000 0.254000000 1.595929068 0.508000000 0.508000000
1.189236020 0.273004750 0.202682992 1.000000000 0.254000000 1.595929068 0.508000000 0.508000000
1.204508243 0.276510690 0.202682992 1.000000000 0.254000000 1.595929068 0.508000000 0.508000000
1.219840520 0.280030415 0.202682992 1.000000000 0.254000000 1.595929068 0.508000000 0.508000000
1.235231903 0.283563709 0.202682992 1.000000000 0.254000000 1.595929068 0.508000000 0.508000000
1.250681443 0.287110354 0.202682992 1.000000000 0.254000000 1.595929068 0.508000000 0.508000000
1.266188188 0.290670131 0.202682992 1.000000000 0.254000000 1.595929068 0.508000000 0.508000000
1.281751181 0.294242821 0.202682992 1.000000000 0.254000000 1.595929068 0.508000000 0.508000000
1.297369462 0.297828202 0.202682992 1.000000000 0.254000000 1.595929068 0.508000000 0.508000000
1.313042067 0.301426055 0.202682992 1.000000000 0.254000000 1.595929068 0.508000000 0.508000000
1.328768031 0.305036156 0.202682992 1.000000000 0.254000000 1.595929068 0.508000000 0.508000000
1.344546381 0.308658284 0.202682992 1.000000000 0.254000000 1.595929068 0.508000000 0.508000000
1.360376147 0.312292214 0.202682992 1.000000000 0.254000000 1.595929068 0.508000000 0.508000000
1.376256350 0.315937724 0.202682992 1.000000000 0.254000000 1.595929068 0.508000000 0.508000000
1.392186012 0.319594587 0.202682992 1.000000000 0.254000000 1.595929068 0.508000000 0.508000000
1.408164149 0.323262578 0.202682992 1.000000000 0.254000000 1.595929068 0.508000000 0.508000000
1.424189777 0.326941471 0.202682992 1.000000000 0.254000000 1.595929068 0.508000000 0.508000000
1.440261906 0.330631040 0.202682992 1.000000000 0.254000000 1.595929068 0.508000000 0.508000000
1.456379546 0.334331056 0.202682992 1.000000000 0.254000000 1.595929068 0.508000000 0.508000000
1.472541702 0.338041291 0.202682992 1.000000000 0.254000000 1.595929068 0.508000000 0.508000000
1.488747376 0.341761516 0.202682992 1.000000000 0.254000000 1.595929068 0.508000000 0.508000000
1.504995571 0.345491503 0.202682992 1.000000000 0.254000000 1.595929068 0.508000000 0.508000000
1.521285282 0.349231020 0.202682992 1.000000000 0.254000000 1.595929068 0.508000000 0.508000000
1.537615505 0.352979837 0.202682992 1.000000000 0.254000000 1.595929068 0.508000000 0.508000000
1.553985234 0.356737724 0.202682992 1.000000000 0.254000000 1.595929068 0.508000000 0.508000000
1.570393458 0.360504447 0.202682992 1.000000000 0.254000000 1.595929068 0.508000000 0.508000000
1.586839165 0.364279775 0.202682992 1.000000000 0.254000000 1.595929068 0.508000000 0.508000000
1.603321341 0.368063475 0.202682992 1.000000000 0.254000000 1.595929068 0.508000000 0.508000000
1.619838969 0.371855313 0.202682992 1.000000000 0.254000000 1.595929068 0.508000000 0.508000000
1.636391029 0.375655056 0.202682992 1.000000000 0.254000000 1.595929068 0.508000000 0.508000000
1.652976502 0.379462470 0.202682992 1.000000000 0.254000000 1.595929068 0.508000000 0.508000000
1.669594364 0.383277318 0.202682992 1.000000000 0.254000000 1.595929068 0.508000000 0.508000000
1.686243590 0.387099367 0.202682992 1.000000000 0.254000000 1.595929068 0.508000000 0.508000000
1.702923153 0.390928379 0.202682992 1.000000000 0.254000000 1.595929068 0.508000000 0.508000000
1.719632024 0.394764120 0.202682992 1.000000000 0.254000000 1.595929068 0.508000000 0.508000000
1.736369172 0.398606352 0.202682992 1.000000000 0.254000000 1.595929068 0.508000000 0.508000000
1.753133565 0.402454839 0.202682992 1.000000000 0.254000000 1.595929068 0.508000000 0.508000000
1.769924169 0.406309343 0.202682992 1.000000000 0.254000000 1.595929068 0.508000000 0.508000000
1.786739948 0.410169626 0.202682992 1.000000000 0.254000000 1.595929068 0.508000000 0.508000000
1.803579865 0.414035450 0.202682992 1.000000000 0.254000000 1.595929068 0.508000000 0.508000000
1.820442881 0.417906577 0.202682992 1.000000000 0.254000000 1.595929068 0.508000000 0.508000000
1.837327956 0.421782767 0.202682992 1.000000000 0.254000000 1.595929068 0.508000000 0.508000000
1.854234049 0.425663783 0.202682992 1.000000000 0.254000000 1.595929068 0.508000000 0.508000000
1.871160115 0.429549384 0.202682992 1.000000000 0.254000000 1.595929068 0.508000000 0.508000000
1.888105113 0.433439331 0.202682992 1.000000000 0.254000000 1.595929068 0.508000000 0.508000000
1.905067995 0.437333383 0.202682992 1.000000000 0.254000000 1.595929068 0.508000000 0.508000000
1.922047716 0.441231301 0.202682992 1.000000000 0.254000000 1.595929068 0.508000000 0.508000000
1.939043229 0.445132844 0.202682992 1.000000000 0.254000000 1.595929068 0.508000000 0.508000000
1.956053485 0.449037772 0.202682992 1.000000000 0.254000000 1.595929068 0.508000000 0.508000000
1.973077434 0.452945843 0.202682992 1.000000000 0.254000000 1.595929068 0.508000000 0.508000000
1.990114027 0.456856817 0.202682992 1.000000000 0.254000000 1.595929068 0.508000000 0.508000000
2.007162213 0.460770452 0.202682992 1.000000000 0.254000000 1.595929068 0.508000000 0.508000000
2.024220941 0.464686507 0.202682992 1.000000000 0.254000000 1.595929068 0.508000000 0.508000000
2.041289157 0.468604740 0.202682992 1.000000000 0.254000000 1.595929068 0.508000000 0.508000000
2.058365809 0.472524910 0.202682992 1.000000000 0.254000000 1.595929068 0.508000000 0.508000000
2.075449843 0.476446775 0.202682992 1.000000000 0.254000000 1.595929068 0.508000000 0.508000000
2.092540207 0.480370092 0.202682992 1.000000000 0.254000000 1.595929068 0.508000000 0.508000000
2.109635845 0.484294620 0.202682992 1.000000000 0.254000000 1.595929068 0.508000000 0.508000000
2.126735704 0.488220118 0.202682992 1.000000000 0.254000000 1.595929068 0.508000000 0.508000000
2.143838728 0.492146341 0.202682992 1.000000000 0.254000000 1.595929068 0.508000000 0.508000000
2.160943862 0.496073050 0.202682992 1.000000000 0.254000000 1.595929068 0.508000000 0.508000000
2.178050051 0.500000000 0.202682992 1.000000000 0.254000000 1.595929068 0.508000000 0.508000000
2.195156240 0.503926950 0.202682992 1.000000000 0.254000000 1.595929068 0.508000000 0.508000000
2.212261374 0.507853659 0.202682992 1.000000000 0.254000000 1.595929068 0.508000000 0.508000000
2.229364398 0.511779882 0.202682992 1.000000000 0.254000000 1.595929068 0.508000000 0.508000000
2.246464256 0.515705380 0.202682992 1.000000000 0.254000000 1.595929068 0.508000000 0.508000000
2.263559895 0.519629908 0.202682992 1.000000000 0.254000000 1.595929068 0.508000000 0.508000000
2.280650258 0.523553225 0.202682992 1.000000000 0.254000000 1.595929068 0.508000000 0.508000000
2.297734293 0.527475090 0.202682992 1.000000000 0.254000000 1.595929068 0.508000000 0.508000000
2.314810945 0.531395260 0.202682992 1.000000000 0.254000000 1.595929068 0.508000000 0.508000000
2.331879161 0.535313493 0.202682992 1.000000000 0.254000000 1.595929068 0.508000000 0.508000000
2.348937888 0.539229548 0.202682992 1.000000000 0.254000000 1.595929068 0.508000000 0.508000000
2.365986074 0.543143183 0.202682992 1.000000000 0.254000000 1.595929068 0.508000000 0.508000000
2.383022667 0.547054157 0.202682992 1.000000000 0.254000000 1.595929068 0.508000000 0.508000000
2.400046617 0.550962228 0.202682992 1.000000000 0.254000000 1.595929068 0.508000000 0.508000000
2.417056873 0.554867156 0.202682992 1.000000000 0.254000000 1.595929068 0.508000000 0.508000000
2.434052385 0.558768699 0.202682992 1.000000000 0.254000000 1.595929068 0.508000000 0.508000000
2.451032107 0.562666617 0.202682992 1.000000000 0.254000000 1.595929068 0.508000000 0.508000000
2.467994989 0.566560669 0.202682992 1.000000000 0.254000000 1.595929068 0.508000000 0.508000000
2.484939986 0.570450616 0.202682992 1.000000000 0.254000000 1.595929068 0.508000000 0.508000000
2.501866053 0.574336217 0.202682992 1.000000000 0.254000000 1.595929068 0.508000000 0.508000000
2.518772145 0.578217233 0.202682992 1.000000000 0.254000000 1.595929068 0.508000000 0.508000000
2.535657220 0.582093423 0.202682992 1.000000000 0.254000000 1.595929068 0.508000000 0.508000000
2.552520236 0.585964550 0.202682992 1.000000000 0.254000000 1.595929068 0.508000000 0.508000000
2.569360153 0.589830374 0.202682992 1.000000000 0.254000000 1.595929068 0.508000000 0.508000000
2.586175933 0.593690657 0.202682992 1.000000000 0.254000000 1.595929068 0.508000000 0.508000000
2.602966537 0.597545161 0.202682992 1.000000000 0.254000000 1.595929068 0.508000000 0.508000000
2.619730930 0.601393648 0.202682992 1.000000000 0.254000000 1.595929068 0.508000000 0.508000000
2.636468078 0.605235880 0.202682992 1.000000000 0.254000000 1.595929068 0.508000000 0.508000000
2.653176949 0.609071621 0.202682992 1.000000000 0.254000000 1.595929068 0.508000000 0.508000000
2.669856512 0.612900633 0.202682992 1.000000000 0.254000000 1.595929068 0.508000000 0.508000000
2.686505737 0.616722682 0.202682992 1.000000000 0.254000000 1.595929068 0.508000000 0.508000000
2.703123599 0.620537530 0.202682992 1.000000000 0.254000000 1.595929068 0.508000000 0.508000000
2.719709072 0.624344944 0.202682992 1.000000000 0.254000000 1.595929068 0.508000000 0.508000000
2.736261133 0.628144687 0.202682992 1.000000000 0.254000000 1.595929068 0.508000000 0.508000000
2.752778761 0.631936525 0.202682992 1.000000000 0.254000000 1.595929068 0.508000000 0.508000000
2.769260936 0.635720225 0.202682992 1.000000000 0.254000000 1.595929068 0.508000000 0.508000000
2.785706643 0.639495553 0.202682992 1.000000000 0.254000000 1.595929068 0.508000000 0.508000000
2.802114867 0.643262276 0.202682992 1.000000000 0.254000000 1.595929068 0.508000000 0.508000000
2.818484596 0.647020163 0.202682992 1.000000000 0.254000000 1.595929068 0.508000000 0.508000000
2.834814820 0.650768980 0.202682992 1.000000000 0.254000000 1.595929068 0.508000000 0.508000000
2.851104531 0.654508497 0.202682992 1.000000000 0.254000000 1.595929068 0.508000000 0.508000000
2.867352725 0.658238484 0.202682992 1.000000000 0.254000000 1.595929068 0.508000000 0.508000000
2.883558400 0.661958709 0.202682992 1.000000000 0.254000000 1.595929068 0.508000000 0.508000000
2.899720556 0.665668944 0.202682992 1.000000000 0.254000000 1.595929068 0.508000000 0.508000000
2.915838195 0.669368960 0.202682992 1.000000000 0.254000000 1.595929068 0.508000000 0.508000000
2.931910325 0.673058529 0.202682992 1.000000000 0.254000000 1.595929068 0.508000000 0.508000000
2.947935952 0.676737422 0.202682992 1.000000000 0.254000000 1.595929068 0.508000000 0.508000000
2.963914090 0.680405413 0.202682992 1.000000000 0.254000000 1.595929068 0.508000000 0.508000000
2.979843751 0.684062276 0.202682992 1.000000000 0.254000000 1.595929068 0.508000000 0.508000000
2.995723955 0.687707786 0.202682992 1.000000000 0.254000000 1.595929068 0.508000000 0.508000000
3.011553720 0.691341716 0.202682992 1.000000000 0.254000000 1.595929068 0.508000000 0.508000000
3.027332071 0.694963844 0.202682992 1.000000000 0.254000000 1.595929068 0.508000000 0.508000000
3.043058034 0.698573945 0.202682992 1.000000000 0.254000000 1.595929068 0.508000000 0.508000000
3.058730640 0.702171798 0.202682992 1.000000000 0.254000000 1.595929068 0.508000000 0.508000000
3.074348920 0.705757179 0.202682992 1.000000000 0.254000000 1.595929068 0.508000000 0.508000000
3.089911913 0.709329869 0.202682992 1.000000000 0.254000000 1.595929068 0.508000000 0.508000000
3.105418658 0.712889646 0.202682992 1.000000000 0.254000000 1.595929068 0.508000000 0.508000000
3.120868199 0.716436291 0.202682992 1.000000000 0.254000000 1.595929068 0.508000000 0.508000000
3.136259582 0.719969585 0.202682992 1.000000000 0.254000000 1.595929068 0.508000000 0.508000000
3.151591858 0.723489310 0.202682992 1.000000000 0.254000000 1.595929068 0.508000000 0.508000000
3.166864082 0.726995250 0.202682992 1.000000000 0.254000000 1.595929068 0.508000000 0.508000000
3.182075311 0.730487187 0.202682992 1.000000000 0.254000000 1.595929068 0.508000000 0.508000000
3.197224607 0.733964907 0.202682992 1.000000000 0.254000000 1.595929068 0.508000000 0.508000000
3.212311035 0.737428195 0.202682992 1.000000000 0.254000000 1.595929068 0.508000000 0.508000000
3.227333665 0.740876837 0.202682992 1.000000000 0.254000000 1.595929068 0.508000000 0.508000000
3.242291571 0.744310621 0.202682992 1.000000000 0.254000000 1.595929068 0.508000000 0.508000000
3.244849898 0.744897918 0.202682992 1.000000000 0.254000000 1.595929068 0.508000000 0.508000000
3.257183829 0.747729334 0.202677734 0.999974057 0.253996705 1.595908367 0.507993411 0.507993411
3.272009521 0.751132767 0.202628547 0.999731380 0.253965883 1.595714705 0.507931766 0.507931766
3.286767732 0.754520708 0.202488916 0.999042466 0.253878364 1.595164806 0.507756728 0.507756728
3.301457553 0.757892949 0.202219611 0.997713768 0.253709482 1.594103692 0.507418965 0.507418965
3.316078076 0.761249282 0.201788136 0.995584951 0.253438668 1.592402118 0.506877337 0.506877337
3.330628401 0.764589500 0.201168148 0.992526045 0.253049028 1.589953932 0.506098055 0.506098055
3.345107629 0.767913397 0.200338912 0.988434750 0.252526942 1.586673570 0.505053884 0.505053884
3.359514867 0.771220768 0.199284783 0.983233873 0.251861701 1.582493741 0.503723402 0.503723402
3.373849227 0.774511409 0.197994714 0.976868915 0.251045165 1.577363292 0.502090330 0.502090330
3.388109825 0.777785117 0.196461796 0.969305781 0.250071453 1.571245281 0.500142907 0.500142907
3.402295780 0.781041689 0.194682817 0.960528633 0.248936669 1.564115223 0.497873339 0.497873339
3.416406219 0.784280925 0.192657857 0.950537861 0.247638649 1.555959523 0.495277299 0.495277299
3.430440269 0.787502626 0.190389900 0.939348184 0.246176740 1.546774077 0.492353480 0.492353480
3.444397066 0.790706592 0.187884472 0.926986872 0.244551600 1.536563020 0.489103200 0.489103200
3.458275749 0.793892626 0.185149309 0.913492086 0.242765021 1.525337613 0.485530042 0.485530042
3.472075462 0.797060531 0.182194037 0.898911329 0.240819773 1.513115262 0.481639547 0.481639547
3.485795353 0.800210113 0.179029888 0.883300006 0.238719465 1.499918638 0.477438931 0.477438931
3.499434576 0.803341176 0.175669422 0.866720097 0.236468420 1.485774904 0.472936840 0.472936840
3.512992290 0.806453527 0.172126285 0.849238922 0.234071567 1.470715028 0.468143133 0.468143133
3.526467659 0.809546975 0.168414975 0.830928013 0.231534342 1.454773178 0.463068685 0.463068685
3.539859850 0.812621328 0.164550633 0.811862071 0.228862608 1.437986176 0.457725216 0.457725216
3.553168039 0.815676398 0.160548851 0.792118023 0.226062572 1.420393030 0.452125144 0.452125144
3.566391404 0.818711995 0.156425495 0.771774157 0.223140721 1.402034501 0.446281443 0.446281443
3.579529130 0.821727932 0.152196552 0.750909340 0.220103764 1.382952737 0.440207528 0.440207528
3.592580405 0.824724024 0.147877981 0.729602322 0.216958575 1.363190932 0.433917150 0.433917150
3.605544426 0.827700085 0.143485593 0.707931099 0.213712149 1.342793037 0.427424299 0.427424299
3.618420393 0.830655933 0.139034931 0.685972365 0.210371560 1.321803493 0.420743119 0.420743119
3.631207510 0.833591383 0.134541175 0.663801014 0.206943920 1.300267000 0.413887841 0.413887841
3.643904990 0.836506257 0.130019054 0.641489712 0.203436354 1.278228312 0.406872709 0.406872709
3.656512049 0.839400373 0.125482769 0.619108530 0.199855963 1.255732050 0.399711926 0.399711926
3.669027910 0.842273553 0.120945933 0.596724628 0.196209801 1.232822540 0.392419602 0.392419602
3.681451800 0.845125620 0.116421514 0.574401991 0.192504854 1.209543671 0.385009708 0.385009708
3.693782953 0.847956398 0.111921795 0.552201217 0.188748016 1.185938764 0.377496033 0.377496033
3.706020608 0.850765713 0.107458336 0.530179344 0.184946075 1.162050459 0.369892149 0.369892149
3.718164011 0.853553391 0.103041950 0.508389723 0.181105691 1.137920618 0.362211382 0.362211382
3.730212413 0.856319259 0.098682686 0.486881931 0.177233390 1.113590234 0.354466781 0.354466781
3.742165070 0.859063149 0.094389816 0.465701710 0.173335546 1.089099356 0.346671092 0.346671092
3.754021245 0.861784890 0.090171828 0.444890948 0.169418371 1.064487019 0.338836742 0.338836742
3.765780207 0.864484314 0.086036434 0.424487686 0.165487908 1.039791189 0.330975815 0.330975815
3.777441230 0.867161255 0.081990570 0.404526148 0.161550020 1.015048713 0.323100040 0.323100040
3.789003595 0.869815547 0.078040411 0.385036802 0.157610388 0.990295272 0.315220775 0.315220775
3.800466589 0.872447028 0.074191385 0.366046430 0.153674498 0.965565350 0.307348997 0.307348997
3.811829504 0.875055535 0.070448196 0.347578233 0.149747645 0.940892205 0.299495291 0.299495291
3.823091640 0.877640906 0.066814841 0.329651939 0.145834922 0.916307839 0.291669844 0.291669844
3.834252303 0.880202983 0.063294641 0.312283930 0.141941220 0.891842991 0.283882441 0.283882441
3.845310803 0.882741607 0.059890267 0.295487384 0.138071228 0.867527113 0.276142457 0.276142457
3.856266458 0.885256621 0.056603769 0.279272420 0.134229428 0.843388372 0.268458857 0.268458857
3.867118594 0.887747872 0.053436612 0.263646256 0.130420098 0.819453641 0.260840195 0.260840195
3.877866539 0.890215204 0.050389703 0.248613377 0.126647308 0.795748505 0.253294616 0.253294616
3.888509632 0.892658465 0.047463431 0.234175696 0.122914927 0.772297262 0.245829854 0.245829854
3.899047216 0.895077506 0.044657698 0.220332733 0.119226619 0.749122939 0.238453238 0.238453238
3.909478640 0.897472177 0.041971955 0.207081782 0.115585848 0.726247302 0.231171696 0.231171696
3.919803262 0.899842329 0.039405240 0.194418090 0.111995881 0.703690877 0.223991763 0.223991763
3.930020444 0.902187818 0.036956208 0.182335024 0.108459792 0.681472969 0.216919583 0.216919583
3.940129556 0.904508497 0.034623170 0.170824250 0.104980462 0.659611694 0.209960923 0.209960923
3.950129976 0.906804225 0.032404125 0.159875897 0.101560590 0.638124004 0.203121179 0.203121179
3.960021084 0.909074859 0.030296794 0.149478720 0.098202694 0.617025725 0.196405388 0.196405388
3.969802273 0.911320259 0.028298653 0.139620267 0.094909121 0.596331592 0.189818241 0.189818241
3.979472938 0.913540287 0.026406964 0.130287027 0.091682048 0.576055294 0.183364095 0.183364095
3.989032482 0.915734806 0.024618805 0.121464584 0.088523495 0.556209522 0.177046990 0.177046990
3.998480317 0.917903681 0.022931099 0.113137759 0.085435330 0.536806012 0.170870661 0.170870661
4.007815859 0.920046777 0.021340643 0.105290745 0.082419280 0.517855608 0.164838560 0.164838560
4.017038532 0.922163963 0.019844132 0.097907238 0.079476936 0.499368316 0.158953872 0.158953872
4.026147768 0.924255107 0.018438185 0.090970557 0.076609767 0.481353366 0.153219535 0.153219535
4.035143004 0.926320082 0.017119368 0.084463761 0.073819130 0.463819276 0.147638261 0.147638261
4.044023686 0.928358759 0.015884216 0.078369752 0.071106279 0.446773926 0.142212558 0.142212558
4.052789266 0.930371014 0.014729251 0.072671373 0.068472376 0.430224627 0.136944752 0.136944752
4.061439204 0.932356720 0.013651004 0.067351502 0.065918507 0.414178193 0.131837013 0.131837013
4.069972965 0.934315757 0.012646027 0.062393133 0.063445688 0.398641018 0.126891377 0.126891377
4.078390023 0.936248004 0.011710912 0.057779449 0.061054885 0.383619154 0.122109769 0.122109769
4.086689860 0.938153340 0.010842302 0.053493890 0.058747015 0.369118383 0.117494030 0.117494030
4.094871962 0.940031649 0.010036905 0.049520212 0.056522969 0.355144288 0.113045938 0.113045938
4.102935826 0.941882815 0.009291504 0.045842542 0.054383614 0.341702324 0.108767228 0.108767228
4.110880954 0.943706724 0.008602964 0.042445418 0.052329806 0.328797869 0.104659612 0.104659612
4.118706856 0.945503262 0.007968245 0.039313831 0.050362398 0.316436278 0.100724796 0.100724796
4.126413049 0.947272320 0.007384401 0.036433253 0.048482242 0.304622910 0.096964484 0.096964484
4.133999058 0.949013788 0.006848591 0.033789668 0.046690194 0.293363139 0.093380387 0.093380387
4.141464414 0.950727559 0.006358081 0.031369583 0.044987109 0.282662344 0.089974219 0.089974219
4.148808658 0.952413526 0.005910246 0.029160050 0.043373838 0.272525859 0.086747675 0.086747675
4.156031337 0.954071587 0.005502574 0.027148670 0.041851208 0.262958896 0.083702416 0.083702416
4.163132004 0.955701638 0.005132663 0.025323599 0.040420012 0.253966423 0.080840023 0.080840023
4.170110222 0.957303580 0.004798225 0.023673545 0.039080973 0.245552995 0.078161946 0.078161946
4.176965560 0.958877313 0.004497083 0.022187766 0.037834718 0.237722546 0.075669437 0.075669437
4.183697596 0.960422740 0.004227169 0.020856060 0.036681733 0.230478127 0.073363466 0.073363466
4.190305914 0.961939766 0.003986522 0.019668754 0.035622315 0.223821606 0.071244630 0.071244630
4.196790106 0.963428298 0.003773287 0.018616691 0.034656521 0.217753343 0.069313042 0.069313042
4.203149773 0.964888243 0.003585708 0.017691212 0.033784112 0.212271835 0.067568224 0.067568224
4.209384523 0.966319512 0.003422127 0.016884135 0.033004498 0.207373375 0.066008995 0.066008995
4.215493970 0.967722015 0.003280980 0.016187740 0.032316687 0.203051731 0.064633373 0.064633373
4.221477738 0.969095668 0.003160789 0.015594740 0.031719241 0.199297870 0.063438482 0.063438482
4.227335457 0.970440384 0.003060161 0.015098263 0.031210248 0.196099770 0.062420495 0.062420495
4.233066768 0.971756082 0.002977783 0.014691826 0.030787300 0.193442312 0.061574600 0.061574600
4.238671315 0.973042679 0.002912415 0.014369310 0.030447502 0.191307298 0.060895004 0.060895004
4.244148753 0.974300097 0.002862884 0.014124936 0.030187487 0.189673573 0.060374973 0.060374973
4.249498744 0.975528258 0.002828085 0.013953241 0.030003455 0.188517265 0.060006909 0.060006909
4.254720959 0.976727086 0.002806968 0.013849053 0.029891228 0.187812127 0.059782457 0.059782457
4.259815075 0.977896507 0.002798539 0.013807470 0.029846318 0.187529948 0.059692636 0.059692636
4.260850102 0.978134111 0.002798292 0.013806250 0.029845000 0.187521665 0.059690000 0.059690000
4.264780778 0.979036450 0.002793526 0.013782737 0.029819575 0.187361916 0.059639150 0.059639150
4.269617762 0.980146843 0.002774581 0.013689266 0.029718289 0.186725515 0.059436578 0.059436578
4.274325727 0.981227618 0.002742282 0.013529905 0.029544802 0.185635466 0.059089604 0.059089604
4.278904385 0.982278709 0.002697754 0.013310215 0.029303955 0.184122182 0.058607911 0.058607911
4.283353452 0.983300051 0.002642099 0.013035621 0.029000106 0.182213038 0.058000211 0.058000211
4.287672654 0.984291581 0.002576387 0.012711411 0.028637203 0.179932852 0.057274406 0.057274406
4.291861725 0.985253237 0.002501662 0.012342731 0.028218852 0.177304276 0.056437704 0.056437704
4.295920405 0.986184960 0.002418937 0.011934585 0.027748364 0.174348111 0.055496727 0.055496727
4.299848446 0.987086693 0.002329200 0.011491836 0.027228795 0.171083565 0.054457590 0.054457590
4.303645604 0.987958381 0.002233404 0.011019200 0.026662984 0.167528470 0.053325968 0.053325968
4.307311645 0.988799969 0.002132478 0.010521249 0.026053577 0.163699454 0.052107155 0.052107155
4.310846343 0.989611405 0.002027317 0.010002405 0.025403054 0.159612098 0.050806109 0.050806109
4.314249481 0.990392640 0.001918788 0.009466943 0.024713747 0.155281055 0.049427495 0.049427495
4.317520847 0.991143625 0.001807727 0.008918988 0.023987859 0.150720166 0.047975719 0.047975719
4.320660241 0.991864314 0.001694939 0.008362511 0.023227478 0.145942548 0.046454956 0.046454956
4.323667469 0.992554663 0.001581197 0.007801332 0.022434588 0.140960675 0.044869176 0.044869176
4.326542345 0.993214629 0.001467246 0.007239119 0.021611085 0.135786449 0.043222169 0.043222169
4.329284691 0.993844170 0.001353797 0.006679381 0.020758780 0.130431259 0.041517559 0.041517559
4.331894340 0.994443249 0.001241529 0.006125474 0.019879413 0.124906036 0.039758826 0.039758826
4.334371129 0.995011829 0.001131092 0.005580595 0.018974659 0.119221300 0.037949318 0.037949318
4.336714906 0.995549874 0.001023100 0.005047785 0.018046133 0.113387200 0.036092267 0.036092267
4.338925526 0.996057351 0.000918139 0.004529925 0.017095398 0.107413554 0.034190796 0.034190796
4.341002854 0.996534228 0.000816759 0.004029735 0.016123968 0.101309881 0.032247937 0.032247937
4.342946760 0.996980478 0.000719479 0.003549775 0.015133316 0.095085431 0.030266633 0.030266633
4.344757126 0.997396071 0.000626786 0.003092444 0.014124876 0.088749211 0.028249751 0.028249751
4.346433838 0.997780982 0.000539132 0.002659979 0.013100045 0.082310013 0.026200091 0.026200091
4.347976795 0.998135188 0.000456939 0.002254453 0.012060194 0.075776432 0.024120388 0.024120388
4.349385900 0.998458667 0.000380593 0.001877776 0.011006661 0.069156892 0.022013323 0.022013323
4.350661067 0.998751398 0.000310448 0.001531694 0.009940764 0.062459660 0.019881527 0.019881527
4.351802217 0.999013364 0.000246825 0.001217789 0.008863795 0.055692864 0.017727589 0.017727589
4.352809280 0.999244549 0.000190010 0.000937475 0.007777028 0.048864510 0.015554057 0.015554057
4.353682194 0.999444937 0.000140258 0.000692005 0.006681722 0.041982495 0.013363443 0.013363443
4.354420904 0.999614518 0.000097787 0.000482462 0.005579115 0.035054615 0.011158231 0.011158231
4.355025365 0.999753280 0.000062784 0.000309765 0.004470434 0.028088566 0.008940868 0.008940868
4.355495541 0.999861215 0.000035402 0.000174665 0.003356882 0.021091915 0.006713765 0.006713765
4.355831401 0.999938316 0.000015758 0.000077747 0.002239620 0.014071946 0.004479239 0.004479239
4.356032925 0.999984579 0.000003938 0.000019429 0.001119577 0.007034508 0.002239153 0.002239153
4.356100102 1.000000000 0.000000000 0.000000000 0.000000000 0.000000000 0.000000000 0.000000000
