# XGeom hull parameters
# design of case suboff_fit (hull_modify.py), 2026-10-08
# nose_m        1.0159999
# middle_m      2.22885
# tail_m        1.0160002
# cap_m         0.09525
# axisymmetric  1
# x_m  r_m
0.000000000  0.000000000
0.001565994  0.021756376
0.006254322  0.041885120
0.014036079  0.061004183
0.024863287  0.079067000
0.038669194  0.095970645
0.055368680  0.111621567
0.074858789  0.125958115
0.097019357  0.138960109
0.121713757  0.150651769
0.148789741  0.161099927
0.178080374  0.170408396
0.209405071  0.178709242
0.242570705  0.186151794
0.277372799  0.192890446
0.313596785  0.199072399
0.351019332  0.204826584
0.389409717  0.210254876
0.428531250  0.215426501
0.468142733  0.220376176
0.507999950  0.225106087
0.547857167  0.229591350
0.587468650  0.233788161
0.626590183  0.237643552
0.664980568  0.241105453
0.702403115  0.244131785
0.738627101  0.246697498
0.773429195  0.248798758
0.806594829  0.250453967
0.837919526  0.251701726
0.867210159  0.252596286
0.894286143  0.253201373
0.918980543  0.253583424
0.941141111  0.253805280
0.960631220  0.253921233
0.977330706  0.253973980
0.991136613  0.253993718
1.001963821  0.253999165
1.009745578  0.254000006
1.014433906  0.254000007
1.015999900  0.254000000
1.573212400  0.254000000
2.130424900  0.254000000
2.687637400  0.254000000
3.244849900  0.254000000
3.246415895  0.253999924
3.251104224  0.253998530
3.258885983  0.253990421
3.269713195  0.253960744
3.283519105  0.253877809
3.300218597  0.253685372
3.319708711  0.253296549
3.341869286  0.252591228
3.366563693  0.251418305
3.393639684  0.249603270
3.422930327  0.246960748
3.454255033  0.243310667
3.487420677  0.238496036
3.522222781  0.232399925
3.558446778  0.224959309
3.595869336  0.216173892
3.634259732  0.206108812
3.673381276  0.194891134
3.712992772  0.182700990
3.752850000  0.169758974
3.792707228  0.156311846
3.832318724  0.142618528
3.871440268  0.128937996
3.909830664  0.115519905
3.947253222  0.102597994
3.983477219  0.090385537
4.018279323  0.079071713
4.051444967  0.068817666
4.082769673  0.059751427
4.112060316  0.051961560
4.139136307  0.045490226
4.163830714  0.040327115
4.185991289  0.036406153
4.205481403  0.033606869
4.222180895  0.031761809
4.235986805  0.030670397
4.246814017  0.030118466
4.254595776  0.029901500
4.259284105  0.029848726
4.260850100  0.029845000
4.264589597  0.029821991
4.268323329  0.029752998
4.272045537  0.029638128
4.275750483  0.029477559
4.279432453  0.029271537
4.283085771  0.029020380
4.286704803  0.028724477
4.290283969  0.028384282
4.293817750  0.028000320
4.297300697  0.027573185
4.300727440  0.027103533
4.304092695  0.026592090
4.307391273  0.026039643
4.310618088  0.025447046
4.313768165  0.024815211
4.316836645  0.024145112
4.319818799  0.023437784
4.322710027  0.022694316
4.325505871  0.021915855
4.328202021  0.021103602
4.330794319  0.020258808
4.333278768  0.019382777
4.335651538  0.018476859
4.337908969  0.017542451
4.340047581  0.016580994
4.342064076  0.015593970
4.343955345  0.014582901
4.345718471  0.013549346
4.347350737  0.012494900
4.348849625  0.011421187
4.350212825  0.010329864
4.351438233  0.009222612
4.352523961  0.008101140
4.353468335  0.006967177
4.354269898  0.005822471
4.354927414  0.004668787
4.355439871  0.003507904
4.355806476  0.002341612
4.356026666  0.001171709
4.356100100  0.000000000
