# Rudder tip cap: measured cross-sections and the fitted model
# source : Wind_Tunnel_Rudder.stp
# frame  : cap frame; x along the tip section's chord from the top of the LE
#          (0) to the top of the TE (136.950424 mm), u = x / chord; heights are
#          above the tip section's plane, along its normal
# w      : the tip section's half-thickness at x
# top    : height of the top of the cap (the crest) above the tip section
# dev    : distance from the CAD cross-section's points to the model's
# core   : 1 if the station was used to fit the face, crown and edge radius;
#          the TE-end stations fit the TE corner radius
# model  : h_le = 0.6167316396853896, h_te = 2.99392965466496, b1 = -0.12846793052625244, b2 = 0.12944330527985656, crown_radius = 59.19781273755752, edge_radius = 0.7070071951324439, te_radius = 3.2948690269912784
# load   : np.loadtxt(path)  -> (48, 8)
#             u            x_mm            w_mm      top_cad_mm    top_model_mm      max_dev_mm      rms_dev_mm            core
    0.001027304     0.140689667     1.031820812     0.429097026     0.375818684     0.086890571     0.051430858     0.000000000
    0.004104993     0.562180544     2.039848756     0.738273800     0.646074993     0.092199301     0.063893711     0.000000000
    0.009220422     1.262740635     3.014301802     0.788066444     0.711937591     0.088233909     0.065215214     0.000000000
    0.016352568     2.239491188     3.954305516     0.834403531     0.781679353     0.082828781     0.053654126     0.000000000
    0.025472126     3.488418525     4.855164538     0.893527627     0.867306622     0.076423387     0.044031037     1.000000000
    0.036541621     5.004390536     5.712814807     0.965041298     0.966679275     0.069986503     0.036092955     1.000000000
    0.049515566     6.781177768     6.522774980     1.048383957     1.077463994     0.063624224     0.034271885     1.000000000
    0.064340648     8.811479019     7.280362330     1.142803540     1.197160108     0.058951917     0.040496749     1.000000000
    0.080955948    11.086951347     7.980827963     1.247387242     1.323138242     0.075753404     0.048754132     1.000000000
    0.099293189    13.598244348     8.619586257     1.360965944     1.452707782     0.091743601     0.056181865     1.000000000
    0.119277021    16.335038580     9.192559550     1.482032754     1.583220404     0.101251412     0.062096474     1.000000000
    0.140825325    19.286087969     9.696103737     1.608751502     1.712123676     0.104356976     0.064791056     1.000000000
    0.163849555    22.439266020    10.127309628     1.738864433     1.837070209     0.100148050     0.062974719     1.000000000
    0.188255099    25.781615648    10.484034832     1.869724164     1.955985041     0.088079485     0.056285043     1.000000000
    0.213941670    29.299402421    10.765031211     1.998513764     2.067139877     0.069239845     0.045336884     1.000000000
    0.240803716    32.978170998    10.969918047     2.122341462     2.169188526     0.047843916     0.031534480     1.000000000
    0.268730855    36.802804532    11.099359053     2.238660650     2.261224415     0.032884894     0.017180952     1.000000000
    0.297608328    40.757586781    11.154825362     2.345517993     2.342745658     0.026733916     0.013497930     1.000000000
    0.327317473    44.826266698    11.138719649     2.441267352     2.413670125     0.058855286     0.025902337     1.000000000
    0.357736207    48.992125204    11.054204571     2.524602085     2.474281017     0.083008033     0.038630270     1.000000000
    0.388739533    53.238043893    10.905137922     2.594653346     2.525180471     0.096314780     0.047463482     1.000000000
    0.420200052    57.546575374    10.695940421     2.651006256     2.567222479     0.099188394     0.051683531     1.000000000
    0.451988487    61.900014968    10.431507772     2.693870893     2.601449771     0.096711874     0.052129931     1.000000000
    0.483974211    66.280473456    10.117048881     2.724058871     2.629016844     0.095042030     0.049993091     1.000000000
    0.516025789    70.669950596     9.757908089     2.743066977     2.651114658     0.091952322     0.046132923     1.000000000
    0.548011513    75.050409084     9.359641448     2.752930476     2.668943909     0.083986678     0.041428216     1.000000000
    0.579799948    79.403848678     8.927916503     2.756045260     2.683661904     0.072384175     0.036735493     1.000000000
    0.611260467    83.712380159     8.468223520     2.754943938     2.696310307     0.058634544     0.032721141     1.000000000
    0.642263793    87.958298848     7.985940969     2.752053160     2.707809033     0.044244462     0.029781102     1.000000000
    0.672682527    92.124157354     7.486298977     2.749511563     2.718939523     0.043321375     0.027911386     1.000000000
    0.702391672    96.192837271     6.974369702     2.749039701     2.730337748     0.042437460     0.026641454     1.000000000
    0.731269145   100.147619520     6.455043992     2.751882522     2.742490417     0.040092673     0.025211566     1.000000000
    0.759196284   103.972253054     5.933065665     2.758789561     2.755741812     0.036685201     0.023252186     1.000000000
    0.786058330   107.651021632     5.413033330     2.770074788     2.770298905     0.032619187     0.020751263     1.000000000
    0.811744901   111.168808404     4.899424024     2.785668572     2.786240725     0.027816064     0.017718355     1.000000000
    0.836150445   114.511158032     4.396627178     2.805197130     2.803529427     0.027204925     0.014468411     1.000000000
    0.859174675   117.664336083     3.908943961     2.827894242     2.822019268     0.027576936     0.011852804     1.000000000
    0.880722979   120.615385472     3.440605426     2.852928344     2.841468520     0.028262952     0.011389166     1.000000000
    0.900706811   123.352179704     2.995752745     2.879981061     2.861550330     0.029126864     0.014375829     1.000000000
    0.919044052   125.863472705     2.578442230     2.908348157     2.881867268     0.030028991     0.020126434     1.000000000
    0.935659352   128.138945033     2.192588183     2.936391921     2.901964965     0.034545110     0.026800309     1.000000000
    0.950484434   130.169246284     1.841947851     2.962615225     2.921350747     0.041460375     0.033091814     0.000000000
    0.963458379   131.946033516     1.530037980     2.986235332     2.939512078     0.046984697     0.038500842     0.000000000
    0.974527874   133.462005527     1.260098162     3.006759009     2.955939130     0.051133041     0.042872925     0.000000000
    0.983647432   134.710932864     1.035013924     2.887621419     2.813658983     0.075251456     0.057940806     0.000000000
    0.990779578   135.687683417     0.857249572     2.372254336     2.347059738     0.034204759     0.018872732     0.000000000
    0.995895007   136.388243508     0.725956414     1.626198735     1.670591435     0.098512477     0.061734648     0.000000000
    0.998972696   136.809734385     0.437772588     0.772270599     0.865407385     0.116264506     0.081103480     0.000000000
