# LE and TE corner points, one spanwise station per row
# frame   : origin at the root leading edge; +X LE->TE, +Y root->tip, +Z thickness
# point 1 : leading edge      point 2 : trailing edge
# rows    : 201, root first, y = 0.000000 up to y = 200.000000 mm
#           y1 and y2 are the same station height on every horizontal row; chord = x2 - x1
#           the last row is the tilted tip section, top of the LE to top of the TE:
#           tilt = arctan((y2 - y1) / (x2 - x1)), chord = sqrt((x2 - x1)^2 + (y2 - y1)^2)
# load    : np.loadtxt(path)  -> (201, 6), LE = [:, :3], TE = [:, 3:]
#               x1               y1               z1                 x2               y2               z2
       0.000000000      0.000000000      0.000000000      180.287613169      0.000000000      0.000000000
       0.070175439      1.002506266     -0.000000182      180.145301669      1.002506266      0.000000199
       0.140350877      2.005012531     -0.000000190      180.002990169      2.005012531      0.000000197
       0.210526316      3.007518797     -0.000000186      179.860678669      3.007518797      0.000000195
       0.280701754      4.010025063     -0.000000195      179.718367169      4.010025063      0.000000193
       0.350877193      5.012531328     -0.000000182      179.576055669      5.012531328      0.000000191
       0.421052632      6.015037594     -0.000000190      179.433744169      6.015037594      0.000000189
       0.491228070      7.017543860     -0.000000196      179.291432669      7.017543860      0.000000187
       0.561403509      8.020050125     -0.000000205      179.149121169      8.020050125      0.000000185
       0.631578947      9.022556391     -0.000000187      179.006809669      9.022556391      0.000000183
       0.701754386     10.025062657     -0.000000194      178.864498169     10.025062657      0.000000181
       0.771929825     11.027568922     -0.000000200      178.722186669     11.027568922      0.000000179
       0.842105263     12.030075188     -0.000000206      178.579875169     12.030075188      0.000000177
       0.912280702     13.032581454     -0.000000190      178.437563669     13.032581454      0.000000176
       0.982456140     14.035087719     -0.000000198      178.295252169     14.035087719      0.000000174
       1.052631579     15.037593985     -0.000000212      178.152940669     15.037593985      0.000000172
       1.122807018     16.040100251     -0.000000217      178.010629169     16.040100251      0.000000170
       1.192982456     17.042606516     -0.000000221      177.868317668     17.042606516      0.000000169
       1.263157895     18.045112782     -0.000000197      177.726006168     18.045112782      0.000000167
       1.333333333     19.047619048     -0.000000205      177.583694668     19.047619048      0.000000166
       1.403508772     20.050125313     -0.000000211      177.441383168     20.050125313      0.000000164
       1.473684211     21.052631579     -0.000000216      177.299071668     21.052631579      0.000000163
       1.543859649     22.055137845     -0.000000191      177.156760168     22.055137845      0.000000161
       1.614035088     23.057644110     -0.000000201      177.014448668     23.057644110      0.000000160
       1.684210526     24.060150376     -0.000000209      176.872137168     24.060150376      0.000000159
       1.754385965     25.062656642     -0.000000215      176.729825668     25.062656642      0.000000158
       1.824561404     26.065162907     -0.000000191      176.587514168     26.065162907      0.000000156
       1.894736842     27.067669173     -0.000000202      176.445202668     27.067669173      0.000000155
       1.964912281     28.070175439     -0.000000211      176.302891168     28.070175439      0.000000154
       2.035087719     29.072681704     -0.000000205      176.160579668     29.072681704      0.000000153
       2.105263158     30.075187970     -0.000000233      176.018268168     30.075187970      0.000000152
       2.175438596     31.077694236     -0.000000220      175.875956668     31.077694236      0.000000151
       2.245614035     32.080200501     -0.000000203      175.733645168     32.080200501      0.000000151
       2.315789474     33.082706767     -0.000000232      175.591333668     33.082706767      0.000000150
       2.385964912     34.085213033     -0.000000220      175.449022168     34.085213033      0.000000149
       2.456140351     35.087719298     -0.000000203      175.306710668     35.087719298      0.000000148
       2.526315789     36.090225564     -0.000000232      175.164399168     36.090225564      0.000000148
       2.596491228     37.092731830     -0.000000221      175.022087668     37.092731830      0.000000147
       2.666666667     38.095238095     -0.000000206      174.879776168     38.095238095      0.000000147
       2.736842105     39.097744361     -0.000000234      174.737464668     39.097744361      0.000000147
       2.807017544     40.100250627     -0.000000224      174.595153167     40.100250627      0.000000146
       2.877192982     41.102756892     -0.000000211      174.452841667     41.102756892      0.000000146
       2.947368421     42.105263158     -0.000000193      174.310530167     42.105263158      0.000000146
       3.017543860     43.107769424     -0.000000228      174.168218667     43.107769424      0.000000146
       3.087719298     44.110275689     -0.000000217      174.025907167     44.110275689      0.000000146
       3.157894737     45.112781955     -0.000000204      173.883595667     45.112781955      0.000000146
       3.228070175     46.115288221     -0.000000182      173.741284167     46.115288221      0.000000146
       3.298245614     47.117794486     -0.000000224      173.598972667     47.117794486      0.000000146
       3.368421053     48.120300752     -0.000000213      173.456661167     48.120300752      0.000000147
       3.438596491     49.122807018     -0.000000200      173.314349667     49.122807018      0.000000147
       3.508771930     50.125313283     -0.000000231      173.172038167     50.125313283      0.000000147
       3.578947368     51.127819549     -0.000000223      173.029726667     51.127819549      0.000000148
       3.649122807     52.130325815     -0.000000213      172.887415167     52.130325815      0.000000148
       3.719298246     53.132832080     -0.000000201      172.745103667     53.132832080      0.000000149
       3.789473684     54.135338346     -0.000000184      172.602792167     54.135338346      0.000000150
       3.859649123     55.137844612     -0.000000224      172.460480667     55.137844612      0.000000150
       3.929824561     56.140350877     -0.000000216      172.318169167     56.140350877      0.000000151
       4.000000000     57.142857143     -0.000000207      172.175857667     57.142857143      0.000000152
       4.070175439     58.145363409     -0.000000219      172.033546167     58.145363409      0.000000153
       4.140350877     59.147869674     -0.000000210      171.891234667     59.147869674      0.000000257
       4.210526316     60.150375940     -0.000000200      171.748923167     60.150375940      0.000000258
       4.280701754     61.152882206     -0.000000187      171.606611667     61.152882206      0.000000259
       4.350877193     62.155388471     -0.000000253      171.464300167     62.155388471      0.000000259
       4.421052632     63.157894737     -0.000000248      171.321988666     63.157894737      0.000000260
       4.491228070     64.160401003     -0.000000244      171.179677166     64.160401003      0.000000261
       4.561403509     65.162907268     -0.000000239      171.037365666     65.162907268      0.000000262
       4.631578947     66.165413534     -0.000000234      170.895054166     66.165413534      0.000000263
       4.701754386     67.167919799     -0.000000229      170.752742666     67.167919799      0.000000263
       4.771929825     68.170426065     -0.000000224      170.610431166     68.170426065      0.000000264
       4.842105263     69.172932331     -0.000000219      170.468119666     69.172932331      0.000000265
       4.912280702     70.175438596     -0.000000213      170.325808166     70.175438596      0.000000266
       4.982456140     71.177944862     -0.000000207      170.183496666     71.177944862      0.000000267
       5.052631579     72.180451128     -0.000000200      170.041185166     72.180451128      0.000000268
       5.122807018     73.182957393     -0.000000193      169.898873666     73.182957393      0.000000269
       5.192982456     74.185463659     -0.000000184      169.756562166     74.185463659      0.000000271
       5.263157895     75.187969925     -0.000000251      169.614250666     75.187969925      0.000000177
       5.333333333     76.190476190     -0.000000248      169.471939166     76.190476190      0.000000179
       5.403508772     77.192982456     -0.000000246      169.329627666     77.192982456      0.000000180
       5.473684211     78.195488722     -0.000000243      169.187316166     78.195488722      0.000000182
       5.543859649     79.197994987     -0.000000240      169.045004666     79.197994987      0.000000184
       5.614035088     80.200501253     -0.000000238      168.902693166     80.200501253      0.000000186
       5.684210526     81.203007519     -0.000000235      168.760381666     81.203007519      0.000000188
       5.754385965     82.205513784     -0.000000233      168.618070166     82.205513784      0.000000190
       5.824561404     83.208020050     -0.000000231      168.475758666     83.208020050      0.000000192
       5.894736842     84.210526316     -0.000000229      168.333447166     84.210526316      0.000000284
       5.964912281     85.213032581     -0.000000227      168.191135665     85.213032581      0.000000285
       6.035087719     86.215538847     -0.000000225      168.048824165     86.215538847      0.000000287
       6.105263158     87.218045113     -0.000000223      167.906512665     87.218045113      0.000000000
       6.175438596     88.220551378     -0.000000222      167.764201165     88.220551378      0.000000290
       6.245614035     89.223057644     -0.000000220      167.621889665     89.223057644      0.000000000
       6.315789474     90.225563910     -0.000000219      167.479578165     90.225563910      0.000000293
       6.385964912     91.228070175     -0.000000218      167.337266665     91.228070175      0.000000000
       6.456140351     92.230576441     -0.000000217      167.194955165     92.230576441      0.000000000
       6.526315789     93.233082707     -0.000000217      167.052643665     93.233082707      0.000000000
       6.596491228     94.235588972     -0.000000216      166.910332165     94.235588972      0.000000000
       6.666666667     95.238095238     -0.000000216      166.768020665     95.238095238      0.000000000
       6.736842105     96.240601504     -0.000000216      166.625709165     96.240601504      0.000000303
       6.807017544     97.243107769     -0.000000216      166.483397665     97.243107769      0.000000000
       6.877192982     98.245614035     -0.000000217      166.341086165     98.245614035      0.000000000
       6.947368421     99.248120301     -0.000000217      166.198774665     99.248120301      0.000000308
       7.017543860    100.250626566     -0.000000218      166.056463165    100.250626566      0.000000000
       7.087719298    101.253132832     -0.000000219      165.914151665    101.253132832      0.000000000
       7.157894737    102.255639098     -0.000000220      165.771840165    102.255639098      0.000000000
       7.228070175    103.258145363     -0.000000221      165.629528665    103.258145363      0.000000316
       7.298245614    104.260651629     -0.000000223      165.487217165    104.260651629      0.000000000
       7.368421053    105.263157895     -0.000000224      165.344905665    105.263157895      0.000000000
       7.438596491    106.265664160     -0.000000226      165.202594165    106.265664160      0.000000322
       7.508771930    107.268170426     -0.000000227      165.060282665    107.268170426      0.000000000
       7.578947368    108.270676692     -0.000000229      164.917971164    108.270676692      0.000000000
       7.649122807    109.273182957     -0.000000231      164.775659664    109.273182957      0.000000000
       7.719298246    110.275689223     -0.000000233      164.633348164    110.275689223      0.000000000
       7.789473684    111.278195489     -0.000000236      164.491036664    111.278195489      0.000000000
       7.859649123    112.280701754     -0.000000238      164.348725164    112.280701754      0.000000000
       7.929824561    113.283208020     -0.000000240      164.206413664    113.283208020      0.000000000
       8.000000000    114.285714286     -0.000000171      164.064102164    114.285714286      0.000000000
       8.070175439    115.288220551     -0.000000221      163.921790664    115.288220551      0.000000000
       8.140350877    116.290726817     -0.000000224      163.779479164    116.290726817      0.000000000
       8.210526316    117.293233083     -0.000000228      163.637167664    117.293233083      0.000000000
       8.280701754    118.295739348     -0.000000231      163.494856164    118.295739348      0.000000000
       8.350877193    119.298245614     -0.000000234      163.352544664    119.298245614      0.000000000
       8.421052632    120.300751880     -0.000000238      163.210233164    120.300751880      0.000000000
       8.491228070    121.303258145     -0.000000241      163.067921664    121.303258145      0.000000000
       8.561403509    122.305764411     -0.000000245      162.925610164    122.305764411      0.000000000
       8.631578947    123.308270677     -0.000000248      162.783298664    123.308270677      0.000000000
       8.701754386    124.310776942     -0.000000251      162.640987164    124.310776942      0.000000000
       8.771929825    125.313283208     -0.000000255      162.498675664    125.313283208      0.000000000
       8.842105263    126.315789474     -0.000000258      162.356364164    126.315789474      0.000000000
       8.912280702    127.318295739     -0.000000261      162.214052664    127.318295739      0.000000000
       8.982456140    128.320802005     -0.000000265      162.071741164    128.320802005      0.000000000
       9.052631579    129.323308271     -0.000000268      161.929429664    129.323308271      0.000000000
       9.122807018    130.325814536     -0.000000272      161.787118164    130.325814536      0.000000000
       9.192982456    131.328320802     -0.000000172      161.644806663    131.328320802      0.000000000
       9.263157895    132.330827068     -0.000000187      161.502495163    132.330827068      0.000000000
       9.333333333    133.333333333     -0.000000197      161.360183663    133.333333333      0.000000000
       9.403508772    134.335839599     -0.000000206      161.217872163    134.335839599      0.000000000
       9.473684211    135.338345865     -0.000000214      161.075560663    135.338345865      0.000000000
       9.543859649    136.340852130     -0.000000221      160.933249163    136.340852130      0.000000000
       9.614035088    137.343358396     -0.000000228      160.790937663    137.343358396      0.000000000
       9.684210526    138.345864662     -0.000000234      160.648626163    138.345864662      0.000000000
       9.754385965    139.348370927     -0.000000240      160.506314663    139.348370927      0.000000000
       9.824561404    140.350877193     -0.000000246      160.364003163    140.350877193      0.000000000
       9.894736842    141.353383459     -0.000000251      160.221691663    141.353383459      0.000000000
       9.964912281    142.355889724     -0.000000257      160.079380163    142.355889724      0.000000000
      10.035087719    143.358395990     -0.000000262      159.937068663    143.358395990      0.000000000
      10.105263158    144.360902256     -0.000000267      159.794757163    144.360902256      0.000000000
      10.175438596    145.363408521     -0.000000172      159.652445663    145.363408521      0.000000000
      10.245614035    146.365914787     -0.000000190      159.510134163    146.365914787      0.000000000
      10.315789474    147.368421053     -0.000000203      159.367822663    147.368421053      0.000000000
      10.385964912    148.370927318     -0.000000213      159.225511163    148.370927318      0.000000000
      10.456140351    149.373433584     -0.000000223      159.083199663    149.373433584      0.000000000
      10.526315789    150.375939850     -0.000000231      158.940888163    150.375939850      0.000000000
      10.596491228    151.378446115     -0.000000239      158.798576663    151.378446115      0.000000000
      10.666666667    152.380952381     -0.000000246      158.656265163    152.380952381      0.000000000
      10.736842105    153.383458647     -0.000000253      158.513953663    153.383458647      0.000000000
      10.807017544    154.385964912     -0.000000259      158.371642162    154.385964912      0.000000000
      10.877192982    155.388471178     -0.000000266      158.229330662    155.388471178      0.000000000
      10.947368421    156.390977444     -0.000000181      158.087019162    156.390977444      0.000000000
      11.017543860    157.393483709     -0.000000198      157.944707662    157.393483709      0.000000000
      11.087719298    158.395989975     -0.000000211      157.802396162    158.395989975      0.000000000
      11.157894737    159.398496241     -0.000000222      157.660084662    159.398496241      0.000000000
      11.228070175    160.401002506     -0.000000232      157.517773162    160.401002506      0.000000000
      11.298245614    161.403508772     -0.000000241      157.375461662    161.403508772      0.000000000
      11.368421053    162.406015038     -0.000000249      157.233150162    162.406015038      0.000000000
      11.438596491    163.408521303     -0.000000257      157.090838662    163.408521303      0.000000000
      11.508771930    164.411027569     -0.000000264      156.948527162    164.411027569      0.000000000
      11.578947368    165.413533835     -0.000000186      156.806215662    165.413533835      0.000000000
      11.649122807    166.416040100     -0.000000203      156.663904162    166.416040100      0.000000000
      11.719298246    167.418546366     -0.000000217      156.521592662    167.418546366      0.000000000
      11.789473684    168.421052632     -0.000000228      156.379281162    168.421052632      0.000000000
      11.859649123    169.423558897     -0.000000238      156.236969662    169.423558897      0.000000000
      11.929824561    170.426065163     -0.000000248      156.094658162    170.426065163      0.000000000
      12.000000000    171.428571429     -0.000000256      155.952346662    171.428571429      0.000000000
      12.070175439    172.431077694     -0.000000167      155.810035162    172.431077694      0.000000000
      12.140350877    173.433583960     -0.000000193      155.667723662    173.433583960      0.000000000
      12.210526316    174.436090226     -0.000000210      155.525412162    174.436090226      0.000000000
      12.280701754    175.438596491     -0.000000223      155.383100662    175.438596491      0.000000000
      12.350877193    176.441102757     -0.000000235      155.240789162    176.441102757      0.000000000
      12.421052632    177.443609023     -0.000000245      155.098477661    177.443609023      0.000000000
      12.491228070    178.446115288     -0.000000255      154.956166161    178.446115288      0.000000000
      12.561403509    179.448621554     -0.000000171      154.813854661    179.448621554      0.000000000
      12.631578947    180.451127820     -0.000000196      154.671543161    180.451127820      0.000000000
      12.701754386    181.453634085     -0.000000213      154.529231661    181.453634085      0.000000000
      12.771929825    182.456140351     -0.000000227      154.386920161    182.456140351      0.000000000
      12.842105263    183.458646617     -0.000000239      154.244608661    183.458646617      0.000000000
      12.912280702    184.461152882     -0.000000250      154.102297161    184.461152882      0.000000000
      12.982456140    185.463659148     -0.000000159      153.959985661    185.463659148      0.000000000
      13.052631579    186.466165414     -0.000000191      153.817674161    186.466165414      0.000000000
      13.122807018    187.468671679     -0.000000211      153.675362661    187.468671679      0.000000000
      13.192982456    188.471177945     -0.000000226      153.533051161    188.471177945      0.000000000
      13.263157895    189.473684211     -0.000000239      153.390739661    189.473684211      0.000000000
      13.333333333    190.476190476     -0.000000250      153.248428161    190.476190476      0.000000000
      13.403508772    191.478696742     -0.000000169      153.106116661    191.478696742      0.000000000
      13.473684211    192.481203008     -0.000000197      152.963805161    192.481203008      0.000000000
      13.543859649    193.483709273     -0.000000216      152.821493661    193.483709273      0.000000000
      13.614035088    194.486215539     -0.000000231      152.679182161    194.486215539      0.000000000
      13.684210526    195.488721805     -0.000000244      152.536870661    195.488721805      0.000000000
      13.754385965    196.491228070     -0.000000255      152.394559161    196.491228070      0.000000000
      13.824561404    197.493734336     -0.000000189      152.252247661    197.493734336      0.000000000
      13.894736842    198.496240602     -0.000000210      152.109936161    198.496240602      0.000000000
      13.964912281    199.498746867     -0.000000227      151.967624661    199.498746867      0.000000000
      14.000000000    200.000000000     -0.000000266      150.683680421    208.543427562      0.000000000
