Wind_Tunnel_Rudder.stp y=200mm c=137.8965mm
  1.00000000    0.00000000
  0.99974827    0.00163550
  0.99899334    0.00315227
  0.99773596    0.00441607
  0.99597741    0.00525123
  0.99371944    0.00568221
  0.99096435    0.00618357
  0.98771489    0.00677278
  0.98397435    0.00744820
  0.97974649    0.00820799
  0.97503556    0.00905015
  0.96984631    0.00997239
  0.96418397    0.01097231
  0.95805423    0.01204730
  0.95146327    0.01319465
  0.94441772    0.01441140
  0.93692469    0.01569460
  0.92899171    0.01704107
  0.92062677    0.01844762
  0.91183829    0.01991089
  0.90263513    0.02142747
  0.89302655    0.02299395
  0.88302222    0.02460675
  0.87263222    0.02626234
  0.86186702    0.02795703
  0.85073744    0.02968726
  0.83925471    0.03144927
  0.82743037    0.03323936
  0.81527633    0.03505379
  0.80280484    0.03688873
  0.79002845    0.03874038
  0.77696003    0.04060485
  0.76361273    0.04247828
  0.75000000    0.04435670
  0.73613554    0.04623614
  0.72203331    0.04811254
  0.70770751    0.04998179
  0.69317256    0.05183976
  0.67844311    0.05368210
  0.66353398    0.05550463
  0.64846019    0.05730293
  0.63323691    0.05907251
  0.61787947    0.06080886
  0.60240333    0.06250736
  0.58682409    0.06416334
  0.57115742    0.06577208
  0.55541910    0.06732881
  0.53962498    0.06882861
  0.52379096    0.07026662
  0.50793298    0.07163801
  0.49206702    0.07293772
  0.47620904    0.07416098
  0.46037502    0.07530290
  0.44458090    0.07635853
  0.42884258    0.07732326
  0.41317591    0.07819244
  0.39759667    0.07896150
  0.38212053    0.07962603
  0.36676309    0.08018186
  0.35153981    0.08062495
  0.33646602    0.08095160
  0.32155689    0.08115838
  0.30682744    0.08124188
  0.29229249    0.08119942
  0.27796669    0.08102820
  0.26386446    0.08072608
  0.25000000    0.08029109
  0.23638727    0.07972184
  0.22303997    0.07901736
  0.20997155    0.07817690
  0.19719516    0.07720005
  0.18472367    0.07608690
  0.17256963    0.07483835
  0.16074529    0.07345511
  0.14926256    0.07193871
  0.13813298    0.07029094
  0.12736778    0.06851376
  0.11697778    0.06660999
  0.10697345    0.06458192
  0.09736487    0.06243274
  0.08816171    0.06016667
  0.07937323    0.05778652
  0.07100829    0.05529579
  0.06307531    0.05269918
  0.05558228    0.05000058
  0.04853673    0.04720438
  0.04194577    0.04431571
  0.03581603    0.04133564
  0.03015369    0.03827138
  0.02496444    0.03512787
  0.02025351    0.03190328
  0.01602565    0.02860774
  0.01228511    0.02524194
  0.00903565    0.02181170
  0.00628056    0.01831535
  0.00402259    0.01476717
  0.00226404    0.01115224
  0.00100666    0.00748077
  0.00025173    0.00375750
  0.00000000    0.00000000
  0.00024672   -0.00371315
  0.00098664   -0.00740179
  0.00221902   -0.01103825
  0.00394265   -0.01462174
  0.00615583   -0.01814202
  0.00885637   -0.02160193
  0.01204162   -0.02500564
  0.01570842   -0.02834379
  0.01985316   -0.03161100
  0.02447174   -0.03480689
  0.02955962   -0.03792981
  0.03511176   -0.04097309
  0.04112269   -0.04393237
  0.04758647   -0.04680570
  0.05449674   -0.04958731
  0.06184666   -0.05227416
  0.06962899   -0.05486201
  0.07783604   -0.05734583
  0.08645971   -0.05972276
  0.09549150   -0.06198912
  0.10492249   -0.06414031
  0.11474338   -0.06617413
  0.12494447   -0.06808693
  0.13551569   -0.06987609
  0.14644661   -0.07153905
  0.15772645   -0.07307373
  0.16934407   -0.07447810
  0.18128801   -0.07575090
  0.19354647   -0.07689118
  0.20610737   -0.07789815
  0.21895831   -0.07877146
  0.23208660   -0.07951119
  0.24547929   -0.08011811
  0.25912316   -0.08059309
  0.27300475   -0.08093744
  0.28711035   -0.08115274
  0.30142605   -0.08124102
  0.31593772   -0.08120475
  0.33063104   -0.08104675
  0.34549150   -0.08076976
  0.36050445   -0.08037736
  0.37565506   -0.07987294
  0.39092838   -0.07926026
  0.40630934   -0.07854340
  0.42178277   -0.07772652
  0.43733338   -0.07681395
  0.45294584   -0.07581007
  0.46860474   -0.07471953
  0.48429462   -0.07354697
  0.50000000   -0.07229713
  0.51570538   -0.07097468
  0.53139526   -0.06958439
  0.54705416   -0.06813108
  0.56266662   -0.06661949
  0.57821723   -0.06505434
  0.59369066   -0.06344026
  0.60907162   -0.06178193
  0.62434494   -0.06008393
  0.63949555   -0.05835074
  0.65450850   -0.05658678
  0.66936896   -0.05479648
  0.68406228   -0.05298412
  0.69857395   -0.05115388
  0.71288965   -0.04930994
  0.72699525   -0.04745640
  0.74087684   -0.04559727
  0.75452071   -0.04373653
  0.76791340   -0.04187804
  0.78104169   -0.04002574
  0.79389263   -0.03818336
  0.80645353   -0.03635471
  0.81871199   -0.03454350
  0.83065593   -0.03275351
  0.84227355   -0.03098831
  0.85355339   -0.02925160
  0.86448431   -0.02754693
  0.87505553   -0.02587796
  0.88525662   -0.02424815
  0.89507751   -0.02266101
  0.90450850   -0.02112006
  0.91354029   -0.01962865
  0.92216396   -0.01819017
  0.93037101   -0.01680784
  0.93815334   -0.01548495
  0.94550326   -0.01422458
  0.95241353   -0.01302979
  0.95887731   -0.01190344
  0.96488824   -0.01084831
  0.97044038   -0.00986710
  0.97552826   -0.00896229
  0.98014684   -0.00813622
  0.98429158   -0.00739104
  0.98795838   -0.00672873
  0.99114363   -0.00615099
  0.99384417   -0.00565948
  0.99605735   -0.00522901
  0.99778098   -0.00438336
  0.99901336   -0.00312392
  0.99975328   -0.00161953
  1.00000000    0.00000000
