# Tilted tip section, 3D, millimetres
# source   : Wind_Tunnel_Rudder.stp
# frame    : origin at the root leading edge; +X LE->TE, +Y root->tip, +Z thickness
# section  : planar cut through the top of the LE (14.000000, 200.000000, -0.000000)
#            and the top of the TE (150.683680, 208.543428, -0.000000),
#            tilted 3.576625634 deg about the thickness (Z) axis, TE up
# columns  : x y z        where the section sits on the part
#            x_u y_u z_u  the same points turned by -3.576626 deg about the Z axis
#                         through the LE: a horizontal section at y = 200.000000
# points   : Selig order, TE -> +Z side -> LE -> -Z side -> TE, the same rows as
#            section_tip_untilted_raw_mm.dat
# load     : np.loadtxt(path)  -> (200, 6)
#                x                y                z                x_u              y_u              z_u
     150.683680421    208.543427562      0.000000000      150.950424052    200.000000000      0.000000000
     150.649273201    208.541276935      0.225856607      150.915949685    200.000000000      0.225856607
     150.546086187    208.534827220      0.435434778      150.812561297    200.000000000      0.435434778
     150.374223277    208.524084911      0.609738907      150.640362990    200.000000000      0.609738907
     150.133857525    208.509060825      0.724221062      150.399528155    200.000000000      0.724221062
     149.825230958    208.489770089      0.783535109      150.090299291    200.000000000      0.783535109
     149.448654337    208.466232129      0.852635428      149.712987766    200.000000000      0.852635428
     149.004506843    208.438470644      0.933841126      149.267973499    200.000000000      0.933841126
     148.493235694    208.406513588      1.026924617      148.755704584    200.000000000      1.026924617
     147.915355697    208.370393139      1.131628648      148.176696832    200.000000000      1.131628648
     147.271448728    208.330145667      1.247678044      147.531533253    200.000000000      1.247678044
     146.562163148    208.285811699      1.374753857      146.820863474    200.000000000      1.374753857
     145.788213146    208.237435874      1.512525217      146.045403077    200.000000000      1.512525217
     144.950378024    208.185066903      1.660628003      145.205932888    200.000000000      1.660628003
     144.049501412    208.128757517      1.818687490      144.303298179    200.000000000      1.818687490
     143.086490416    208.068564416      1.986295545      143.338407829    200.000000000      1.986295545
     142.062314707    208.004548207      2.163041520      142.312233400    200.000000000      2.163041520
     140.978005541    207.936773351      2.348488082      141.225808162    200.000000000      2.348488082
     139.834654728    207.865308090      2.542192467      140.080226054    200.000000000      2.542192467
     138.633413524    207.790224385      2.743691277      138.876640580    200.000000000      2.743691277
     137.375491477    207.711597837      2.952512096      137.616263649    200.000000000      2.952512096
     136.062155209    207.629507618      3.168186542      136.300364352    200.000000000      3.168186542
     134.694727137    207.544036385      3.390216579      134.930267690    200.000000000      3.390216579
     133.274584145    207.455270201      3.618118791      133.507353233    200.000000000      3.618118791
     131.803156198    207.363298445      3.851381121      132.033053736    200.000000000      3.851381121
     130.281924898    207.268213725      4.089513356      130.508853693    200.000000000      4.089513356
     128.712421997    207.170111784      4.331998106      128.936287844    200.000000000      4.331998106
     127.096227850    207.069091402      4.578322796      127.316939630    200.000000000      4.578322796
     125.434969829    206.965254298      4.827973119      125.652439598    200.000000000      4.827973119
     123.730320679    206.858705027      5.080421828      123.944463758    200.000000000      5.080421828
     121.983996838    206.749550875      5.335142246      122.194731896    200.000000000      5.335142246
     120.197756705    206.637901751      5.591597998      120.405005845    200.000000000      5.591597998
     118.373398873    206.523870076      5.849258567      118.577087706    200.000000000      5.849258567
     116.512760316    206.407570671      6.107575168      116.712818039    200.000000000      6.107575168
     114.617714539    206.289120639      6.365999177      114.814074005    200.000000000      6.365999177
     112.690169692    206.168639249      6.623969152      112.882767478    200.000000000      6.623969152
     110.732066650    206.046247817      6.880919566      110.920843120    200.000000000      6.880919566
     108.745377057    205.922069578      7.136278812      108.930276423    200.000000000      7.136278812
     106.732101340    205.796229572      7.389447564      106.913071719    200.000000000      7.389447564
     104.694266698    205.668854507      7.639846496      104.871260161    200.000000000      7.639846496
     102.633925057    205.540072640      7.886865931      102.806897681    200.000000000      7.886865931
     100.553151006    205.410013643      8.129886628      100.722062918    200.000000000      8.129886628
      98.454039710    205.278808475      8.368284610       98.618855122    200.000000000      8.368284610
      96.338704794    205.146589247      8.601421697       96.499392046    200.000000000      8.601421697
      94.209276222    205.013489094      8.828655232       94.365807810    200.000000000      8.828655232
      92.067898148    204.879642037      9.049333658       92.220250751    200.000000000      9.049333658
      89.916726758    204.745182847      9.262798504       90.064881265    200.000000000      9.262798504
      87.757928099    204.610246914      9.468373501       87.901869625    200.000000000      9.468373501
      85.593675899    204.474970106      9.665388918       85.733393801    200.000000000      9.665388918
      83.426149376    204.339488637      9.853180891       83.561637264    200.000000000      9.853180891
      81.257531046    204.203938924     10.031053877       81.388786788    200.000000000     10.031053877
      79.090004523    204.068457455     10.198352090       79.217030251    200.000000000     10.198352090
      76.925752322    203.933180648     10.354407753       77.048554427    200.000000000     10.354407753
      74.766953664    203.798244715     10.498540953       74.885542787    200.000000000     10.498540953
      72.615782274    203.663785525     10.630122707       72.730173301    200.000000000     10.630122707
      70.474404200    203.529938467     10.748515539       70.584616242    200.000000000     10.748515539
      68.344975628    203.396838314     10.853099012       68.451032006    200.000000000     10.853099012
      66.229640712    203.264619087     10.943273305       66.331568930    200.000000000     10.943273305
      64.130529415    203.133413919     11.018468695       64.228361134    200.000000000     11.018468695
      62.049755365    203.003354922     11.078140678       62.143526371    200.000000000     11.078140678
      59.989413724    202.874573055     11.121786212       60.079163891    200.000000000     11.121786212
      57.951579081    202.747197990     11.148944844       58.037352333    200.000000000     11.148944844
      55.938303364    202.621357983     11.159153397       56.020147629    200.000000000     11.159153397
      53.951613771    202.497179745     11.152055133       54.029580932    200.000000000     11.152055133
      51.993510729    202.374788312     11.127279827       52.067656574    200.000000000     11.127279827
      50.065965882    202.254306922     11.084535293       50.136350047    200.000000000     11.084535293
      48.170920105    202.135856890     11.023562506       48.237606013    200.000000000     11.023562506
      46.310281548    202.019557485     10.944185395       46.373336346    200.000000000     10.944185395
      44.485923716    201.905525810     10.846276503       44.545418207    200.000000000     10.846276503
      42.699683584    201.793876687     10.729744921       42.755692156    200.000000000     10.729744921
      40.953359742    201.684722534     10.594537312       41.005960294    200.000000000     10.594537312
      39.248710592    201.578173263     10.440683431       39.297984454    200.000000000     10.440683431
      37.587452571    201.474336159     10.268311967       37.633484422    200.000000000     10.268311967
      35.971258425    201.373315777     10.077519431       36.014136208    200.000000000     10.077519431
      34.401755523    201.275213836      9.868531168       34.441570359    200.000000000      9.868531168
      32.880524223    201.180129117      9.641595967       32.917370316    200.000000000      9.641595967
      31.409096276    201.088157361      9.396981904       31.443070819    200.000000000      9.396981904
      29.988953285    200.999391176      9.135084841       30.020156362    200.000000000      9.135084841
      28.621525213    200.913919944      8.856222652       28.650059700    200.000000000      8.856222652
      27.308188944    200.831829724      8.560835703       27.334160403    200.000000000      8.560835703
      26.050266897    200.753203177      8.249494318       26.073783472    200.000000000      8.249494318
      24.849025693    200.678119471      7.922598699       24.870197998    200.000000000      7.922598699
      23.705674880    200.606654211      7.580607914       23.724615890    200.000000000      7.580607914
      22.621365715    200.538879354      7.224188299       22.638190652    200.000000000      7.224188299
      21.597190005    200.474863146      6.853848387       21.612016223    200.000000000      6.853848387
      20.634179009    200.414670044      6.470201590       20.647125873    200.000000000      6.470201590
      19.733302397    200.358360658      6.073931730       19.744491165    200.000000000      6.073931730
      18.895467276    200.305991688      5.665218183       18.905020975    200.000000000      5.665218183
      18.121517274    200.257615863      5.245008484       18.129560578    200.000000000      5.245008484
      17.412231693    200.213281894      4.813996674       17.418890799    200.000000000      4.813996674
      16.768324725    200.173034423      4.371901273       16.773727220    200.000000000      4.371901273
      16.190444728    200.136913974      3.920132324       16.194719468    200.000000000      3.920132324
      15.679173579    200.104956918      3.458785925       15.682450553    200.000000000      3.458785925
      15.235026084    200.077195433      2.988656432       15.237436287    200.000000000      2.988656432
      14.858449463    200.053657472      2.509472817       14.860124761    200.000000000      2.509472817
      14.549822896    200.034366737      2.023229166       14.550895897    200.000000000      2.023229166
      14.309457144    200.019342651      1.527929886       14.310061062    200.000000000      1.527929886
      14.137594235    200.008600342      1.024879698       14.137862755    200.000000000      1.024879698
      14.034407220    200.002150627      0.514776226       14.034474367    200.000000000      0.514776226
      14.000000000    200.000000000     -0.000000266       14.000000000    200.000000000     -0.000000266
      14.033722573    200.002107833     -0.508686787       14.033788384    200.000000000     -0.508686787
      14.134857010    200.008429251     -1.014061766       14.135120189    200.000000000     -1.014061766
      14.303303506    200.018958017     -1.512307002       14.303895415    200.000000000     -1.512307002
      14.538895823    200.033683739     -2.003340431       14.539947499    200.000000000     -2.003340431
      14.841401460    200.052591885     -2.485712251       14.843043488    200.000000000     -2.485712251
      15.210521880    200.075663795     -2.959899051       15.212884262    200.000000000     -2.959899051
      15.645892807    200.102876700     -3.426386917       15.649104833    200.000000000     -3.426386917
      16.147084582    200.134203744     -3.883938744       16.151274703    200.000000000     -3.883938744
      16.713602589    200.169614010     -4.331820565       16.718898292    200.000000000     -4.331820565
      17.344887743    200.209072554     -4.769974889       17.351415424    200.000000000     -4.769974889
      18.040317042    200.252540434     -5.198157603       18.048201881    200.000000000     -5.198157603
      18.799204180    200.299974753     -5.615483136       18.808570018    200.000000000     -5.615483136
      19.620800230    200.351328699     -6.021356772       19.631769444    200.000000000     -6.021356772
      20.504294373    200.406551592     -6.415510952       20.516987762    200.000000000     -6.415510952
      21.448814708    200.465588933     -6.797142376       21.463351366    200.000000000     -6.797142376
      22.453429108    200.528382459     -7.165855325       22.469926310    200.000000000     -7.165855325
      23.517146139    200.594870202     -7.521057356       23.535719227    200.000000000     -7.521057356
      24.638916041    200.664986546     -7.862085996       24.659678308    200.000000000     -7.862085996
      25.817631762    200.738662294     -8.188525541       25.840694340    200.000000000     -8.188525541
      27.052130053    200.815824737     -8.499883584       27.077601804    200.000000000     -8.499883584
      28.341192613    200.896397725     -8.795520418       28.369180020    200.000000000     -8.795520418
      29.683547293    200.980301743     -9.075145534       29.714154358    200.000000000     -9.075145534
      31.077869350    201.067453988     -9.338253794       31.111197490    200.000000000     -9.338253794
      32.522782757    201.157768449     -9.584483555       32.558930703    200.000000000     -9.584483555
      34.016861559    201.251155999     -9.813472733       34.055925259    200.000000000     -9.813472733
      35.558631281    201.347524475    -10.024940703       35.600703806    200.000000000    -10.024940703
      37.146570381    201.446778772    -10.218602402       37.191741833    200.000000000    -10.218602402
      38.779111757    201.548820940    -10.394278070       38.827469178    200.000000000    -10.394278070
      40.454644286    201.653550273    -10.551826960       40.506271575    200.000000000    -10.551826960
      42.171514420    201.760863418    -10.691142990       42.226492250    200.000000000    -10.691142990
      43.928027816    201.870654470    -10.812155682       43.986433551    200.000000000    -10.812155682
      45.722451008    201.982815077    -10.914879960       45.784358631    200.000000000    -10.914879960
      47.553013115    202.097234550    -10.999407846       47.618493152    200.000000000    -10.999407846
      49.417907594    202.213799972    -11.065847267       49.487027048    200.000000000    -11.065847267
      51.315294020    202.332396307    -11.114372655       51.388116299    200.000000000    -11.114372655
      53.243299902    202.452906513    -11.145189015       53.319884760    200.000000000    -11.145189015
      55.200022529    202.575211663    -11.158567290       55.280426009    200.000000000    -11.158567290
      57.183530853    202.699191056    -11.154835979       57.267805229    200.000000000    -11.154835979
      59.191867392    202.824722339    -11.134373363       59.280061116    200.000000000    -11.134373363
      61.223050159    202.951681627    -11.097546435       61.315207817    200.000000000    -11.097546435
      63.275074622    203.079943628    -11.044838091       63.371236887    200.000000000    -11.044838091
      65.345915680    203.209381763    -10.976710520       65.446119274    200.000000000    -10.976710520
      67.433529664    203.339868290    -10.893668342       67.537807319    200.000000000    -10.893668342
      69.535856351    203.471274437    -10.796267083       69.644236780    200.000000000    -10.796267083
      71.650820997    203.603470521    -10.685073059       71.763328864    200.000000000    -10.685073059
      73.776336389    203.736326080    -10.560676191       73.892992284    200.000000000    -10.560676191
      75.910304899    203.869710002    -10.423673360       76.031125318    200.000000000    -10.423673360
      78.050620558    204.003490653    -10.274699573       78.175617888    200.000000000    -10.274699573
      80.195171133    204.137536008    -10.114392837       80.324353638    200.000000000    -10.114392837
      82.341840211    204.271713781     -9.943398691       82.475212026    200.000000000     -9.943398691
      84.488509289    204.405891553     -9.762360058       84.626070414    200.000000000     -9.762360058
      86.633059863    204.539936908     -9.571931240       86.774806164    200.000000000     -9.571931240
      88.773375522    204.673717560     -9.372775246       88.919298734    200.000000000     -9.372775246
      90.907344032    204.807101482     -9.165544361       91.057431768    200.000000000     -9.165544361
      93.032859424    204.939957041     -8.950887306       93.187095188    200.000000000     -8.950887306
      95.147824071    205.072153125     -8.729443914       95.306187272    200.000000000     -8.729443914
      97.250150757    205.203559271     -8.501857436       97.412616733    200.000000000     -8.501857436
      99.337764741    205.334045799     -8.268759938       99.504304778    200.000000000     -8.268759938
     101.408605800    205.463483933     -8.030770510      101.579187165    200.000000000     -8.030770510
     103.460630263    205.591745934     -7.788500558      103.635216235    200.000000000     -7.788500558
     105.491813029    205.718705223     -7.542559341      105.670362936    200.000000000     -7.542559341
     107.500149568    205.844236505     -7.293538531      107.682618823    200.000000000     -7.293538531
     109.483657892    205.968215898     -7.042017201      109.669998043    200.000000000     -7.042017201
     111.440380520    206.090521048     -6.788570736      111.630539292    200.000000000     -6.788570736
     113.368386401    206.211031255     -6.533766024      113.562307753    200.000000000     -6.533766024
     115.265772827    206.329627589     -6.278157349      115.463397004    200.000000000     -6.278157349
     117.130667307    206.446193011     -6.022294276      117.331930900    200.000000000     -6.022294276
     118.961229414    206.560612485     -5.766708739      119.166065421    200.000000000     -5.766708739
     120.755652605    206.672773092     -5.511944712      120.963990501    200.000000000     -5.511944712
     122.512166001    206.782564143     -5.258518663      122.723931803    200.000000000     -5.258518663
     124.229036135    206.889877288     -5.006954413      124.444152477    200.000000000     -5.006954413
     125.904568665    206.994606622     -4.757764460      126.122954875    200.000000000     -4.757764460
     127.537110040    207.096648789     -4.511469829      127.758682219    200.000000000     -4.511469829
     129.125049141    207.195903087     -4.268563788      129.349720246    200.000000000     -4.268563788
     130.666818862    207.292271562     -4.029555666      130.894498793    200.000000000     -4.029555666
     132.160897665    207.385659112     -3.794934452      132.391493349    200.000000000     -3.794934452
     133.605811072    207.475973574     -3.565206901      133.839226562    200.000000000     -3.565206901
     135.000133129    207.563125818     -3.340851017      135.236269694    200.000000000     -3.340851017
     136.342487808    207.647029836     -3.122348562      136.581244032    200.000000000     -3.122348562
     137.631550368    207.727602824     -2.910186651      137.872822248    200.000000000     -2.910186651
     138.866048659    207.804765268     -2.704826450      139.109729712    200.000000000     -2.704826450
     140.044764381    207.878441016     -2.506739322      140.290745744    200.000000000     -2.506739322
     141.166534283    207.948557359     -2.316367097      141.414704825    200.000000000     -2.316367097
     142.230251314    208.015045102     -2.134165795      142.480497742    200.000000000     -2.134165795
     143.234865713    208.077838629     -1.960561002      143.487072686    200.000000000     -1.960561002
     144.179386049    208.136875970     -1.795976535      144.433436291    200.000000000     -1.795976535
     145.062880192    208.192098863     -1.640808079      145.318654608    200.000000000     -1.640808079
     145.884476241    208.243452809     -1.495439710      146.141854034    200.000000000     -1.495439710
     146.643363380    208.290887128     -1.360247526      146.902222171    200.000000000     -1.360247526
     147.338792679    208.334355008     -1.235572078      147.599008628    200.000000000     -1.235572078
     147.970077833    208.373813551     -1.121738780      148.231525760    200.000000000     -1.121738780
     148.536595839    208.409223818     -1.019047345      148.799149349    200.000000000     -1.019047345
     149.037787614    208.440550862     -0.927770968      149.301319220    200.000000000     -0.927770968
     149.473158541    208.467763766     -0.848145703      149.737539790    200.000000000     -0.848145703
     149.842278962    208.490835676     -0.780401948      150.107380564    200.000000000     -0.780401948
     150.144784599    208.509743822     -0.721183355      150.410476553    200.000000000     -0.721183355
     150.380376915    208.524469545     -0.605239928      150.646528637    200.000000000     -0.605239928
     150.548823411    208.534998310     -0.431516138      150.815303863    200.000000000     -0.431516138
     150.649957849    208.541319729     -0.223650441      150.916635668    200.000000000     -0.223650441
     150.683680421    208.543427562      0.000000000      150.950424052    200.000000000      0.000000000
