# airfoil frame, millimetres, Selig order (TE -> upper -> LE -> lower -> TE)
# section at y = 200.000000 mm; x = 0 at this section's LE and grows aft, y = thickness (+Z side up)
# tilted tip section shown untilted: turned by -3.576626 deg about the thickness axis through its LE (14.000000, 200.000000, 0)
# its chord in its own plane is 136.950424 mm; on the part its TE is at y = 208.543428 mm
#               x_mm               y_mm
       136.950424052        0.000000000
       136.915949685        0.225856607
       136.812561297        0.435434778
       136.640362990        0.609738907
       136.399528155        0.724221062
       136.090299291        0.783535109
       135.712987766        0.852635428
       135.267973499        0.933841126
       134.755704584        1.026924617
       134.176696832        1.131628648
       133.531533253        1.247678044
       132.820863474        1.374753857
       132.045403077        1.512525217
       131.205932888        1.660628003
       130.303298179        1.818687490
       129.338407829        1.986295545
       128.312233400        2.163041520
       127.225808162        2.348488082
       126.080226054        2.542192467
       124.876640580        2.743691277
       123.616263649        2.952512096
       122.300364352        3.168186542
       120.930267690        3.390216579
       119.507353233        3.618118791
       118.033053736        3.851381121
       116.508853693        4.089513356
       114.936287844        4.331998106
       113.316939630        4.578322796
       111.652439598        4.827973119
       109.944463758        5.080421828
       108.194731896        5.335142246
       106.405005845        5.591597998
       104.577087706        5.849258567
       102.712818039        6.107575168
       100.814074005        6.365999177
        98.882767478        6.623969152
        96.920843120        6.880919566
        94.930276423        7.136278812
        92.913071719        7.389447564
        90.871260161        7.639846496
        88.806897681        7.886865931
        86.722062918        8.129886628
        84.618855122        8.368284610
        82.499392046        8.601421697
        80.365807810        8.828655232
        78.220250751        9.049333658
        76.064881265        9.262798504
        73.901869625        9.468373501
        71.733393801        9.665388918
        69.561637264        9.853180891
        67.388786788       10.031053877
        65.217030251       10.198352090
        63.048554427       10.354407753
        60.885542787       10.498540953
        58.730173301       10.630122707
        56.584616242       10.748515539
        54.451032006       10.853099012
        52.331568930       10.943273305
        50.228361134       11.018468695
        48.143526371       11.078140678
        46.079163891       11.121786212
        44.037352333       11.148944844
        42.020147629       11.159153397
        40.029580932       11.152055133
        38.067656574       11.127279827
        36.136350047       11.084535293
        34.237606013       11.023562506
        32.373336346       10.944185395
        30.545418207       10.846276503
        28.755692156       10.729744921
        27.005960294       10.594537312
        25.297984454       10.440683431
        23.633484422       10.268311967
        22.014136208       10.077519431
        20.441570359        9.868531168
        18.917370316        9.641595967
        17.443070819        9.396981904
        16.020156362        9.135084841
        14.650059700        8.856222652
        13.334160403        8.560835703
        12.073783472        8.249494318
        10.870197998        7.922598699
         9.724615890        7.580607914
         8.638190652        7.224188299
         7.612016223        6.853848387
         6.647125873        6.470201590
         5.744491165        6.073931730
         4.905020975        5.665218183
         4.129560578        5.245008484
         3.418890799        4.813996674
         2.773727220        4.371901273
         2.194719468        3.920132324
         1.682450553        3.458785925
         1.237436287        2.988656432
         0.860124761        2.509472817
         0.550895897        2.023229166
         0.310061062        1.527929886
         0.137862755        1.024879698
         0.034474367        0.514776226
         0.000000000       -0.000000266
         0.033788384       -0.508686787
         0.135120189       -1.014061766
         0.303895415       -1.512307002
         0.539947499       -2.003340431
         0.843043488       -2.485712251
         1.212884262       -2.959899051
         1.649104833       -3.426386917
         2.151274703       -3.883938744
         2.718898292       -4.331820565
         3.351415424       -4.769974889
         4.048201881       -5.198157603
         4.808570018       -5.615483136
         5.631769444       -6.021356772
         6.516987762       -6.415510952
         7.463351366       -6.797142376
         8.469926310       -7.165855325
         9.535719227       -7.521057356
        10.659678308       -7.862085996
        11.840694340       -8.188525541
        13.077601804       -8.499883584
        14.369180020       -8.795520418
        15.714154358       -9.075145534
        17.111197490       -9.338253794
        18.558930703       -9.584483555
        20.055925259       -9.813472733
        21.600703806      -10.024940703
        23.191741833      -10.218602402
        24.827469178      -10.394278070
        26.506271575      -10.551826960
        28.226492250      -10.691142990
        29.986433551      -10.812155682
        31.784358631      -10.914879960
        33.618493152      -10.999407846
        35.487027048      -11.065847267
        37.388116299      -11.114372655
        39.319884760      -11.145189015
        41.280426009      -11.158567290
        43.267805229      -11.154835979
        45.280061116      -11.134373363
        47.315207817      -11.097546435
        49.371236887      -11.044838091
        51.446119274      -10.976710520
        53.537807319      -10.893668342
        55.644236780      -10.796267083
        57.763328864      -10.685073059
        59.892992284      -10.560676191
        62.031125318      -10.423673360
        64.175617888      -10.274699573
        66.324353638      -10.114392837
        68.475212026       -9.943398691
        70.626070414       -9.762360058
        72.774806164       -9.571931240
        74.919298734       -9.372775246
        77.057431768       -9.165544361
        79.187095188       -8.950887306
        81.306187272       -8.729443914
        83.412616733       -8.501857436
        85.504304778       -8.268759938
        87.579187165       -8.030770510
        89.635216235       -7.788500558
        91.670362936       -7.542559341
        93.682618823       -7.293538531
        95.669998043       -7.042017201
        97.630539292       -6.788570736
        99.562307753       -6.533766024
       101.463397004       -6.278157349
       103.331930900       -6.022294276
       105.166065421       -5.766708739
       106.963990501       -5.511944712
       108.723931803       -5.258518663
       110.444152477       -5.006954413
       112.122954875       -4.757764460
       113.758682219       -4.511469829
       115.349720246       -4.268563788
       116.894498793       -4.029555666
       118.391493349       -3.794934452
       119.839226562       -3.565206901
       121.236269694       -3.340851017
       122.581244032       -3.122348562
       123.872822248       -2.910186651
       125.109729712       -2.704826450
       126.290745744       -2.506739322
       127.414704825       -2.316367097
       128.480497742       -2.134165795
       129.487072686       -1.960561002
       130.433436291       -1.795976535
       131.318654608       -1.640808079
       132.141854034       -1.495439710
       132.902222171       -1.360247526
       133.599008628       -1.235572078
       134.231525760       -1.121738780
       134.799149349       -1.019047345
       135.301319220       -0.927770968
       135.737539790       -0.848145703
       136.107380564       -0.780401948
       136.410476553       -0.721183355
       136.646528637       -0.605239928
       136.815303863       -0.431516138
       136.916635668       -0.223650441
       136.950424052        0.000000000
