# airfoil frame, millimetres, Selig order (TE -> upper -> LE -> lower -> TE)
# section at y = 200.000000 mm; x = 0 at this section's LE and grows aft, y = thickness (+Z side up)
#               x_mm               y_mm
       137.896468910        0.000000000
       137.861756397        0.225529040
       137.757653808        0.434686800
       137.584265966        0.608960891
       137.341767459        0.724125720
       137.030402462        0.783556724
       136.650484492        0.852691834
       136.202396096        0.933941789
       135.686588460        1.027080470
       135.103580958        1.131852184
       134.453960630        1.247983387
       133.738381589        1.375156857
       132.957564362        1.513043383
       132.112295165        1.661280704
       131.203425113        1.819495582
       130.231869361        1.987281673
       129.198606184        2.164229585
       128.104675990        2.349903332
       126.951180273        2.543861518
       125.739280507        2.745641609
       124.470196971        2.954772071
       123.145207526        3.170785169
       121.765646323        3.393183780
       120.332902463        3.621484612
       118.848418598        3.855176289
       117.313689477        4.093768468
       115.730260443        4.336743956
       114.099725875        4.583590285
       112.423727582        4.833793547
       110.703953152        5.086825995
       108.942134254        5.342161807
       107.140044888        5.599264911
       105.299499607        5.857604391
       103.422351683        6.116632590
       101.510491245        6.375801121
        99.565843375        6.634549221
        97.590366168        6.892312129
        95.586048762        7.148519430
        93.554909335        7.402572190
        91.498993073        7.653892552
        89.420370108        7.901871626
        87.321133438        8.145890806
        85.203396816        8.385327564
        83.069292623        8.619543983
        80.920969722        8.847897810
        78.760591291        9.069737608
        76.590332649        9.284404613
        74.412379061        9.491221963
        72.228923543        9.689518585
        70.042164650        9.878628820
        67.854304261       10.057854461
        65.667545367       10.226536915
        63.484089849       10.384003876
        61.306136262       10.529571606
        59.135877620       10.662605190
        56.975499189       10.782460921
        54.827176287       10.888511364
        52.693072095       10.980147715
        50.575335473       11.056795049
        48.476098803       11.117896269
        46.397475838       11.162939479
        44.341559575       11.191454183
        42.310420148       11.202968457
        40.306102743       11.197113008
        38.330625536       11.173503257
        36.385977665       11.131841416
        34.474117228       11.071858148
        32.596969304       10.993359668
        30.756424022       10.896215605
        28.954334657       10.780319046
        27.192515758       10.645614142
        25.472741329       10.492114860
        23.796743036       10.319944761
        22.166208467       10.129199880
        20.582779433        9.920094182
        19.048050313        9.692871935
        17.563566448        9.447805719
        16.130822588        9.185282451
        14.751261385        8.905618280
        13.426271939        8.609253715
        12.157188404        8.296771921
        10.945288637        7.968557730
         9.791792921        7.625094680
         8.697862726        7.267031457
         7.664599549        6.894903807
         6.693043798        6.509316900
         5.784173746        6.110980499
         4.938904549        5.700038598
         4.158087321        5.277488174
         3.442508280        4.844009319
         2.792887952        4.399350225
         2.209880451        3.944905848
         1.694072814        3.480774734
         1.245984418        3.007756106
         0.866066449        2.525622279
         0.554701451        2.036340604
         0.312202944        1.537854799
         0.138815103        1.031571339
         0.034712514        0.518146265
         0.000000000       -0.000000234
         0.034021792       -0.512029984
         0.136053591       -1.020680054
         0.305994705       -1.522136281
         0.543677423       -2.016285857
         0.848867179       -2.501720789
         1.221262790       -2.978830427
         1.660496744       -3.448189903
         2.166135572       -3.908508381
         2.737680269       -4.359045948
         3.374566790       -4.799746619
         4.076166603       -5.230386496
         4.841787315       -5.650043999
         5.670673351       -6.058118942
         6.562006700       -6.454340416
         7.514907724       -6.837914446
         8.528436025       -7.208421450
         9.601591372       -7.565277989
        10.733314691       -7.907787784
        11.922489107       -8.235558335
        13.167941049       -8.548080730
        14.468441406       -8.844721715
        15.822706741       -9.125179408
        17.229400559       -9.388947872
        18.687134621       -9.635666529
        20.194470321       -9.864982299
        21.749920100      -10.076609617
        23.351948917      -10.270267186
        24.998975763      -10.445780949
        26.689375221      -10.603021720
        28.421479071      -10.741879695
        30.193577936      -10.862306136
        32.003922968      -10.964312990
        33.850727575      -11.048004313
        35.732169184      -11.113502160
        37.646391039      -11.160987616
        39.591504034      -11.190676261
        41.565588578      -11.202850075
        43.566696488      -11.197848392
        45.592852911      -11.176060364
        47.642058276      -11.137865108
        49.712290265      -11.083753478
        51.801505808      -11.014196280
        53.907643103      -10.929710055
        56.028623645      -10.830857446
        58.162354283      -10.718212541
        60.306729282      -10.592372647
        62.459632404      -10.453941537
        64.618938993      -10.303558765
        66.782518074      -10.141867879
        68.948234455       -9.969518726
        71.113950837       -9.787157498
        73.277529917       -9.595441114
        75.436836506       -9.395034884
        77.589739628       -9.186592465
        79.734114628       -8.970763548
        81.867845266       -8.748188388
        83.988825808       -8.519510485
        86.094963102       -8.285361628
        88.184178645       -8.046360663
        90.254410634       -7.803117693
        92.303615999       -7.556241467
        94.329772422       -7.306322965
        96.330880332       -7.053939688
        98.304964876       -6.799666801
       100.250077872       -6.544069871
       102.164299727       -6.287702339
       104.045741336       -6.031113113
       105.892545943       -5.774833880
       107.702890975       -5.519407695
       109.474989840       -5.265350314
       111.207093690       -5.013186265
       112.897493148       -4.763426843
       114.544519994       -4.516593508
       116.146548810       -4.273178845
       117.701998589       -4.033692965
       119.209334289       -3.798623857
       120.667068352       -3.568478625
       122.073762169       -3.343734788
       123.428027505       -3.124873784
       124.728527862       -2.912382232
       125.973979804       -2.706721028
       127.163154220       -2.508360494
       128.294877539       -2.317741882
       129.368032886       -2.135319865
       130.381561186       -1.961518907
       131.334462210       -1.796761631
       132.225795559       -1.641442051
       133.054681595       -1.495943125
       133.820302308       -1.360638889
       134.521902121       -1.235868507
       135.158788641       -1.121955663
       135.730333338       -1.019198308
       136.235972166       -0.927868138
       136.675206121       -0.848199772
       137.047601731       -0.780422042
       137.352791488       -0.721062215
       137.590474205       -0.604449355
       137.760415320       -0.430777749
       137.862447119       -0.223326950
       137.896468910        0.000000000
