Wind_Tunnel_Rudder.stp tip section untilted (tilt 3.5766 deg) c=136.9504mm
  1.00000000    0.00000000
  0.99974827    0.00164919
  0.99899334    0.00317951
  0.99773596    0.00445226
  0.99597741    0.00528820
  0.99371944    0.00572130
  0.99096435    0.00622587
  0.98771489    0.00681883
  0.98397435    0.00749851
  0.97974649    0.00826305
  0.97503556    0.00911044
  0.96984631    0.01003833
  0.96418397    0.01104433
  0.95805423    0.01212576
  0.95146327    0.01327990
  0.94441772    0.01450376
  0.93692469    0.01579434
  0.92899171    0.01714845
  0.92062677    0.01856287
  0.91183829    0.02003419
  0.90263513    0.02155898
  0.89302655    0.02313382
  0.88302222    0.02475506
  0.87263222    0.02641919
  0.86186702    0.02812245
  0.85073744    0.02986127
  0.83925471    0.03163187
  0.82743037    0.03343051
  0.81527633    0.03525344
  0.80280484    0.03709680
  0.79002845    0.03895674
  0.77696003    0.04082936
  0.76361273    0.04271077
  0.75000000    0.04459698
  0.73613554    0.04648397
  0.72203331    0.04836764
  0.70770751    0.05024387
  0.69317256    0.05210848
  0.67844311    0.05395710
  0.66353398    0.05578549
  0.64846019    0.05758920
  0.63323691    0.05936372
  0.61787947    0.06110448
  0.60240333    0.06280683
  0.58682409    0.06446607
  0.57115742    0.06607744
  0.55541910    0.06763614
  0.53962498    0.06913723
  0.52379096    0.07057582
  0.50793298    0.07194706
  0.49206702    0.07324588
  0.47620904    0.07446747
  0.46037502    0.07560698
  0.44458090    0.07665943
  0.42884258    0.07762022
  0.41317591    0.07848472
  0.39759667    0.07924838
  0.38212053    0.07990682
  0.36676309    0.08045589
  0.35153981    0.08089161
  0.33646602    0.08121031
  0.32155689    0.08140862
  0.30682744    0.08148316
  0.29229249    0.08143133
  0.27796669    0.08125042
  0.26386446    0.08093831
  0.25000000    0.08049309
  0.23638727    0.07991348
  0.22303997    0.07919856
  0.20997155    0.07834766
  0.19719516    0.07736038
  0.18472367    0.07623696
  0.17256963    0.07497831
  0.16074529    0.07358516
  0.14926256    0.07205915
  0.13813298    0.07040209
  0.12736778    0.06861594
  0.11697778    0.06670359
  0.10697345    0.06466736
  0.09736487    0.06251047
  0.08816171    0.06023708
  0.07937323    0.05785012
  0.07100829    0.05535293
  0.06307531    0.05275039
  0.05558228    0.05004620
  0.04853673    0.04724485
  0.04194577    0.04435132
  0.03581603    0.04136693
  0.03015369    0.03829859
  0.02496444    0.03515138
  0.02025351    0.03192324
  0.01602565    0.02862446
  0.01228511    0.02525575
  0.00903565    0.02182291
  0.00628056    0.01832395
  0.00402259    0.01477344
  0.00226404    0.01115681
  0.00100666    0.00748358
  0.00025173    0.00375885
  0.00000000    0.00000000
  0.00024672   -0.00371439
  0.00098664   -0.00740459
  0.00221902   -0.01104273
  0.00394265   -0.01462822
  0.00615583   -0.01815045
  0.00885637   -0.02161292
  0.01204162   -0.02501918
  0.01570842   -0.02836018
  0.01985316   -0.03163057
  0.02447174   -0.03482994
  0.02955962   -0.03795649
  0.03511176   -0.04100377
  0.04112269   -0.04396742
  0.04758647   -0.04684550
  0.05449674   -0.04963214
  0.06184666   -0.05232445
  0.06962899   -0.05491810
  0.07783604   -0.05740826
  0.08645971   -0.05979190
  0.09549150   -0.06206541
  0.10492249   -0.06422412
  0.11474338   -0.06626592
  0.12494447   -0.06818711
  0.13551569   -0.06998506
  0.14644661   -0.07165712
  0.15772645   -0.07320124
  0.16934407   -0.07461534
  0.18128801   -0.07589811
  0.19354647   -0.07704852
  0.20610737   -0.07806579
  0.21895831   -0.07894941
  0.23208660   -0.07969950
  0.24547929   -0.08031671
  0.25912316   -0.08080185
  0.27300475   -0.08115618
  0.28711035   -0.08138119
  0.30142605   -0.08147888
  0.31593772   -0.08145164
  0.33063104   -0.08130222
  0.34549150   -0.08103331
  0.36050445   -0.08064844
  0.37565506   -0.08015098
  0.39092838   -0.07954461
  0.40630934   -0.07883340
  0.42178277   -0.07802147
  0.43733338   -0.07711313
  0.45294584   -0.07611275
  0.46860474   -0.07502496
  0.48429462   -0.07385441
  0.50000000   -0.07260583
  0.51570538   -0.07128390
  0.53139526   -0.06989340
  0.54705416   -0.06843918
  0.56266662   -0.06692600
  0.57821723   -0.06535860
  0.59369066   -0.06374163
  0.60907162   -0.06207982
  0.62434494   -0.06037776
  0.63949555   -0.05863998
  0.65450850   -0.05687095
  0.66936896   -0.05507511
  0.68406228   -0.05325678
  0.69857395   -0.05142019
  0.71288965   -0.04956955
  0.72699525   -0.04770899
  0.74087684   -0.04584256
  0.75452071   -0.04397427
  0.76791340   -0.04210800
  0.78104169   -0.04024774
  0.79389263   -0.03839724
  0.80645353   -0.03656034
  0.81871199   -0.03474078
  0.83065593   -0.03294236
  0.84227355   -0.03116868
  0.85355339   -0.02942346
  0.86448431   -0.02771028
  0.87505553   -0.02603283
  0.88525662   -0.02439460
  0.89507751   -0.02279912
  0.90450850   -0.02124993
  0.91354029   -0.01975041
  0.92216396   -0.01830399
  0.93037101   -0.01691391
  0.93815334   -0.01558349
  0.94550326   -0.01431584
  0.95241353   -0.01311406
  0.95887731   -0.01198104
  0.96488824   -0.01091957
  0.97044038   -0.00993241
  0.97552826   -0.00902204
  0.98014684   -0.00819084
  0.98429158   -0.00744099
  0.98795838   -0.00677450
  0.99114363   -0.00619309
  0.99384417   -0.00569843
  0.99605735   -0.00526602
  0.99778098   -0.00441941
  0.99901336   -0.00315089
  0.99975328   -0.00163308
  1.00000000    0.00000000
