Section # | X1 | X2 | T1 | T2 | r

        1  0.2176840|0.3000000|0.0733644|0.1235666|0.0038913
        2  0.2176850|0.3000000|0.0733645|0.1235663|0.0038959
        3  0.2176859|0.3000000|0.0733646|0.1235661|0.0039005
        4  0.2176867|0.3000000|0.0733646|0.1235658|0.0039051
        5  0.2176876|0.3000000|0.0733647|0.1235655|0.0039097
        6  0.2176884|0.3000000|0.0733648|0.1235653|0.0039143
        7  0.2176893|0.3000000|0.0733649|0.1235650|0.0039189
        8  0.2176902|0.3000000|0.0733650|0.1235647|0.0039235
        9  0.2176910|0.3000000|0.0733651|0.1235645|0.0039282
       10  0.2176919|0.3000000|0.0733652|0.1235642|0.0039328
       11  0.2176928|0.3000000|0.0733652|0.1235639|0.0039375
       12  0.2176937|0.3000000|0.0733653|0.1235637|0.0039422
       13  0.2176946|0.3000000|0.0733654|0.1235634|0.0039468
       14  0.2176955|0.3000000|0.0733655|0.1235631|0.0039515
       15  0.2176964|0.3000000|0.0733656|0.1235629|0.0039562
       16  0.2176973|0.3000000|0.0733657|0.1235626|0.0039610
       17  0.2176982|0.3000000|0.0733658|0.1235623|0.0039657
       18  0.2176991|0.3000000|0.0733659|0.1235620|0.0039704
       19  0.2177000|0.3000000|0.0733660|0.1235618|0.0039752
       20  0.2177010|0.3000000|0.0733660|0.1235615|0.0039800
       21  0.2177019|0.3000000|0.0733661|0.1235612|0.0039847
       22  0.2177029|0.3000000|0.0733662|0.1235609|0.0039895
       23  0.2177038|0.3000000|0.0733663|0.1235606|0.0039943
       24  0.2177048|0.3000000|0.0733664|0.1235603|0.0039991
       25  0.2177058|0.3000000|0.0733665|0.1235601|0.0040039
       26  0.2177067|0.3000000|0.0733666|0.1235598|0.0040088
       27  0.2177077|0.3000000|0.0733667|0.1235595|0.0040136
       28  0.2177087|0.3000000|0.0733668|0.1235592|0.0040185
       29  0.2177097|0.3000000|0.0733669|0.1235589|0.0040234
       30  0.2177107|0.3000000|0.0733670|0.1235586|0.0040282
       31  0.2177117|0.3000000|0.0733671|0.1235583|0.0040331
       32  0.2177127|0.3000000|0.0733672|0.1235580|0.0040380
       33  0.2177137|0.3000000|0.0733673|0.1235577|0.0040429
       34  0.2177147|0.3000000|0.0733674|0.1235574|0.0040479
       35  0.2177157|0.3000000|0.0733675|0.1235571|0.0040528
       36  0.2177168|0.3000000|0.0733676|0.1235568|0.0040578
       37  0.2177178|0.3000000|0.0733677|0.1235565|0.0040627
       38  0.2177188|0.3000000|0.0733678|0.1235562|0.0040677
       39  0.2177199|0.3000000|0.0733679|0.1235559|0.0040727
       40  0.2177209|0.3000000|0.0733680|0.1235556|0.0040777
       41  0.2177220|0.3000000|0.0733681|0.1235553|0.0040827
       42  0.2177230|0.3000000|0.0733682|0.1235550|0.0040877
       43  0.2177241|0.3000000|0.0733683|0.1235547|0.0040928
       44  0.2177252|0.3000000|0.0733684|0.1235543|0.0040978
       45  0.2177263|0.3000000|0.0733685|0.1235540|0.0041029
       46  0.2177274|0.3000000|0.0733686|0.1235537|0.0041080
       47  0.2177285|0.3000000|0.0733688|0.1235534|0.0041131
       48  0.2177295|0.3000000|0.0733689|0.1235531|0.0041182
       49  0.2177306|0.3000000|0.0733690|0.1235527|0.0041233
       50  0.2177318|0.3000000|0.0733691|0.1235524|0.0041284
       51  0.2177329|0.3000000|0.0733692|0.1235521|0.0041335
       52  0.2177340|0.3000000|0.0733693|0.1235518|0.0041387
       53  0.2177351|0.3000000|0.0733694|0.1235514|0.0041439
       54  0.2177363|0.3000000|0.0733695|0.1235511|0.0041490
       55  0.2177374|0.3000000|0.0733696|0.1235508|0.0041542
       56  0.2177385|0.3000000|0.0733697|0.1235504|0.0041594
       57  0.2177397|0.3000000|0.0733699|0.1235501|0.0041646
       58  0.2177409|0.3000000|0.0733700|0.1235498|0.0041699
       59  0.2177420|0.3000000|0.0733701|0.1235494|0.0041751
       60  0.2177432|0.3000000|0.0733702|0.1235491|0.0041804
       61  0.2177444|0.3000000|0.0733703|0.1235488|0.0041856
       62  0.2177456|0.3000000|0.0733704|0.1235484|0.0041909
       63  0.2177467|0.3000000|0.0733706|0.1235481|0.0041962
       64  0.2177479|0.3000000|0.0733707|0.1235477|0.0042015
       65  0.2177492|0.3000000|0.0733708|0.1235474|0.0042068
       66  0.2177504|0.3000000|0.0733709|0.1235470|0.0042122
       67  0.2177516|0.3000000|0.0733710|0.1235467|0.0042175
       68  0.2177528|0.3000000|0.0733712|0.1235463|0.0042229
       69  0.2177540|0.3000000|0.0733713|0.1235460|0.0042283
       70  0.2177553|0.3000000|0.0733714|0.1235456|0.0042337
       71  0.2177565|0.3000000|0.0733715|0.1235453|0.0042391
       72  0.2177578|0.3000000|0.0733717|0.1235449|0.0042445
       73  0.2177591|0.3000000|0.0733718|0.1235445|0.0042499
       74  0.2177603|0.3000000|0.0733719|0.1235442|0.0042554
       75  0.2177616|0.3000000|0.0733720|0.1235438|0.0042608
       76  0.2177629|0.3000000|0.0733722|0.1235434|0.0042663
       77  0.2177642|0.3000000|0.0733723|0.1235431|0.0042718
       78  0.2177655|0.3000000|0.0733724|0.1235427|0.0042773
       79  0.2177670|0.3000000|0.0733726|0.1235423|0.0042828
       80  0.2177686|0.3000000|0.0733727|0.1235419|0.0042884
       81  0.2177702|0.3000000|0.0733729|0.1235414|0.0042939
       82  0.2177718|0.3000000|0.0733731|0.1235410|0.0042995
       83  0.2177733|0.3000000|0.0733732|0.1235406|0.0043051
       84  0.2177749|0.3000000|0.0733734|0.1235401|0.0043107
       85  0.2177765|0.3000000|0.0733735|0.1235397|0.0043163
       86  0.2177782|0.3000000|0.0733737|0.1235392|0.0043219
       87  0.2177798|0.3000000|0.0733739|0.1235388|0.0043276
       88  0.2177814|0.3000000|0.0733740|0.1235384|0.0043332
       89  0.2177831|0.3000000|0.0733742|0.1235379|0.0043389
       90  0.2177847|0.3000000|0.0733744|0.1235375|0.0043446
       91  0.2177864|0.3000000|0.0733745|0.1235370|0.0043503
       92  0.2177881|0.3000000|0.0733747|0.1235366|0.0043560
       93  0.2177898|0.3000000|0.0733749|0.1235361|0.0043617
       94  0.2177915|0.3000000|0.0733750|0.1235356|0.0043675
       95  0.2177932|0.3000000|0.0733752|0.1235352|0.0043733
       96  0.2177949|0.3000000|0.0733754|0.1235347|0.0043790
       97  0.2177966|0.3000000|0.0733755|0.1235342|0.0043848
       98  0.2177984|0.3000000|0.0733757|0.1235338|0.0043906
       99  0.2178001|0.3000000|0.0733759|0.1235333|0.0043965
      100  0.2178019|0.3000000|0.0733761|0.1235328|0.0044023
      101  0.2178036|0.3000000|0.0733762|0.1235324|0.0044082
      102  0.2178054|0.3000000|0.0733764|0.1235319|0.0044140
      103  0.2178072|0.3000000|0.0733766|0.1235314|0.0044199
      104  0.2178090|0.3000000|0.0733768|0.1235309|0.0044258
      105  0.2178108|0.3000000|0.0733770|0.1235304|0.0044317
      106  0.2178126|0.3000000|0.0733771|0.1235299|0.0044377
      107  0.2178144|0.3000000|0.0733773|0.1235295|0.0044436
      108  0.2178162|0.3000000|0.0733775|0.1235290|0.0044496
      109  0.2178181|0.3000000|0.0733777|0.1235285|0.0044556
      110  0.2178199|0.3000000|0.0733779|0.1235280|0.0044616
      111  0.2178218|0.3000000|0.0733781|0.1235275|0.0044676
      112  0.2178237|0.3000000|0.0733783|0.1235270|0.0044736
      113  0.2178255|0.3000000|0.0733784|0.1235265|0.0044797
      114  0.2178274|0.3000000|0.0733786|0.1235260|0.0044857
      115  0.2178293|0.3000000|0.0733788|0.1235254|0.0044918
      116  0.2178313|0.3000000|0.0733790|0.1235249|0.0044979
      117  0.2178332|0.3000000|0.0733792|0.1235244|0.0045040
      118  0.2178351|0.3000000|0.0733794|0.1235239|0.0045101
      119  0.2178371|0.3000000|0.0733796|0.1235234|0.0045168
      120  0.2178390|0.3000000|0.0733798|0.1235229|0.0045229
      121  0.2178410|0.3000000|0.0733800|0.1235223|0.0045291
      122  0.2178430|0.3000000|0.0733802|0.1235218|0.0045353
      123  0.2178450|0.3000000|0.0733804|0.1235213|0.0045415
      124  0.2178470|0.3000000|0.0733806|0.1235207|0.0045477
      125  0.2178490|0.3000000|0.0733808|0.1235202|0.0045540
      126  0.2178510|0.3000000|0.0733810|0.1235197|0.0045602
      127  0.2178530|0.3000000|0.0733812|0.1235191|0.0045665
      128  0.2178551|0.3000000|0.0733814|0.1235186|0.0045728
      129  0.2178571|0.3000000|0.0733816|0.1235180|0.0045791
      130  0.2178592|0.3000000|0.0733818|0.1235175|0.0045855
      131  0.2178603|0.3000000|0.0733819|0.1235171|0.0045918
      132  0.2178604|0.3000000|0.0733820|0.1235170|0.0045980
      133  0.2178590|0.3000000|0.0733818|0.1235172|0.0046043
      134  0.2178557|0.3000000|0.0733815|0.1235177|0.0046104
      135  0.2178514|0.3000000|0.0733810|0.1235185|0.0046166
      136  0.2178454|0.3000000|0.0733804|0.1235197|0.0046226
      137  0.2178375|0.3000000|0.0733796|0.1235212|0.0046286
      138  0.2178285|0.3000000|0.0733786|0.1235230|0.0046346
      139  0.2178179|0.3000000|0.0733775|0.1235251|0.0046405
      140  0.2178054|0.3000000|0.0733762|0.1235276|0.0046464
      141  0.2177916|0.3000000|0.0733748|0.1235303|0.0046522
      142  0.2177762|0.3000000|0.0733732|0.1235335|0.0046579
      143  0.2177589|0.3000000|0.0733714|0.1235370|0.0046636
      144  0.2177403|0.3000000|0.0733695|0.1235407|0.0046692
      145  0.2177201|0.3000000|0.0733674|0.1235449|0.0046748
      146  0.2176978|0.3000000|0.0733651|0.1235494|0.0046804
      147  0.2176742|0.3000000|0.0733627|0.1235542|0.0046858
      148  0.2182183|0.3000000|0.0734190|0.1234448|0.0047142
      149  0.2182207|0.3000000|0.0734192|0.1234442|0.0047208
      150  0.2182231|0.3000000|0.0734194|0.1234435|0.0047275
      151  0.2182256|0.3000000|0.0734197|0.1234429|0.0047342
      152  0.2182281|0.3000000|0.0734199|0.1234423|0.0047410
      153  0.2182306|0.3000000|0.0734202|0.1234416|0.0047477
      154  0.2182331|0.3000000|0.0734204|0.1234410|0.0047545
      155  0.2182356|0.3000000|0.0734207|0.1234404|0.0047613
      156  0.2182381|0.3000000|0.0734210|0.1234397|0.0047681
      157  0.2182406|0.3000000|0.0734212|0.1234391|0.0047749
      158  0.2182432|0.3000000|0.0734215|0.1234384|0.0047818
      159  0.2182457|0.3000000|0.0734217|0.1234377|0.0047887
      160  0.2182483|0.3000000|0.0734220|0.1234371|0.0047955
      161  0.2182509|0.3000000|0.0734223|0.1234364|0.0048025
      162  0.2182535|0.3000000|0.0734225|0.1234357|0.0048094
      163  0.2182561|0.3000000|0.0734228|0.1234351|0.0048163
      164  0.2182588|0.3000000|0.0734231|0.1234344|0.0048233
      165  0.2182614|0.3000000|0.0734233|0.1234337|0.0048303
      166  0.2182641|0.3000000|0.0734236|0.1234330|0.0048373
      167  0.2182668|0.3000000|0.0734239|0.1234324|0.0048443
      168  0.2182695|0.3000000|0.0734241|0.1234317|0.0048514
      169  0.2182722|0.3000000|0.0734244|0.1234310|0.0048585
      170  0.2182749|0.3000000|0.0734247|0.1234303|0.0048656
      171  0.2182776|0.3000000|0.0734250|0.1234296|0.0048727
      172  0.2182804|0.3000000|0.0734252|0.1234289|0.0048798
      173  0.2182832|0.3000000|0.0734255|0.1234282|0.0048870
      174  0.2182860|0.3000000|0.0734258|0.1234275|0.0048941
      175  0.2182888|0.3000000|0.0734261|0.1234267|0.0049013
      176  0.2182915|0.3000000|0.0734264|0.1234260|0.0049085
      177  0.2182943|0.3000000|0.0734267|0.1234253|0.0049158
      178  0.2182972|0.3000000|0.0734269|0.1234246|0.0049230
      179  0.2183000|0.3000000|0.0734272|0.1234239|0.0049303
      180  0.2183029|0.3000000|0.0734275|0.1234231|0.0049376
      181  0.2183058|0.3000000|0.0734278|0.1234224|0.0049450
      182  0.2183087|0.3000000|0.0734281|0.1234216|0.0049523
      183  0.2183116|0.3000000|0.0734284|0.1234209|0.0049597
      184  0.2183146|0.3000000|0.0734287|0.1234202|0.0049671
      185  0.2183175|0.3000000|0.0734290|0.1234194|0.0049745
      186  0.2183205|0.3000000|0.0734293|0.1234187|0.0049819
      187  0.2183235|0.3000000|0.0734296|0.1234179|0.0049894
      188  0.2183265|0.3000000|0.0734299|0.1234171|0.0049968
      189  0.2183296|0.3000000|0.0734302|0.1234164|0.0050043
      190  0.2183326|0.3000000|0.0734305|0.1234156|0.0050119
      191  0.2183357|0.3000000|0.0734308|0.1234148|0.0050194
      192  0.2183387|0.3000000|0.0734311|0.1234140|0.0050270
      193  0.2183418|0.3000000|0.0734315|0.1234133|0.0050346
      194  0.2183449|0.3000000|0.0734318|0.1234125|0.0050422
      195  0.2183481|0.3000000|0.0734321|0.1234117|0.0050498
      196  0.2183512|0.3000000|0.0734324|0.1234109|0.0050575
      197  0.2183544|0.3000000|0.0734327|0.1234101|0.0050652
      198  0.2183576|0.3000000|0.0734331|0.1234093|0.0050729
      199  0.2183608|0.3000000|0.0734334|0.1234085|0.0050806
      200  0.2183640|0.3000000|0.0734337|0.1234076|0.0050884
