# Fitted thickness parameters, one row per section, root first
# written      : 01 Oct 2026 by rudder_modify.fit_section_table
# source       : sections_stack_y0_y200_raw_mm.dat, 200 horizontal sections from y = 0 to 199.499 mm; section 1 is the root
# fit          : Main_PSO then a bounded least-squares polish, fillet_method 0; bounds Y1 [np.float64(0.0), np.float64(0.15)], X2 [np.float64(0.05), np.float64(0.5)], X3 [np.float64(0.3), np.float64(0.95)], Y3 [np.float64(0.0), np.float64(0.15)]
# note         : X2 on a bound in every section
# parameters   : quartic Bezier half-section P0 (0,0), P1 (0,T1), P2 (X1,T1), P3 (X2,T2), P4 (1,0), mirrored
#                for the lower surface, with its sharp TE rounded by the circle of radius r tangent to it.
#                X1, X2, T1, T2, r are fractions of the sharp chord cs_mm (P4 is the sharp TE).
# columns
#   section      section number, 1 = root (y = 0)
#   y_mm         span station; chord_mm the section chord (LE to rounded TE)
#   cs_mm        sharp chord, the length the five parameters are fractions of
#   r_mm         fitted TE radius; R_orig_mm the original section's TE radius
#   fit_um       RMS vertical gap to the sharpened section at its points (the objective)
#   gap_rms_um   RMS and largest distance of the original's upper-surface points
#   gap_max_um   to the fitted foil (TE rounded)
#   rle_fit_mm   LE radius of the fit, 4 T1^2 / (3 X1) * cs; rle_orig_mm the original's
#
# section      y_mm   chord_mm     cs_mm         X1         X2         T1         T2          r    r_mm  R_orig_mm  fit_um  gap_rms_um  gap_max_um  rle_fit_mm  rle_orig_mm
        1    0.0000   180.2876  183.6872  0.2176840  0.3000000  0.0733644  0.1235666  0.0038913  0.7148     0.7500   92.34       82.04      136.15       6.056        5.043
        2    1.0025   180.0751  183.4748  0.2176850  0.3000000  0.0733645  0.1235663  0.0038959  0.7148     0.7500   92.23       81.94      135.99       6.049        5.037
        3    2.0050   179.8626  183.2624  0.2176859  0.3000000  0.0733646  0.1235661  0.0039005  0.7148     0.7500   92.12       81.85      135.83       6.042        5.031
        4    3.0075   179.6502  183.0501  0.2176867  0.3000000  0.0733646  0.1235658  0.0039051  0.7148     0.7500   92.01       81.75      135.67       6.035        5.025
        5    4.0100   179.4377  182.8377  0.2176876  0.3000000  0.0733647  0.1235655  0.0039097  0.7148     0.7500   91.91       81.65      135.52       6.028        5.020
        6    5.0125   179.2252  182.6253  0.2176884  0.3000000  0.0733648  0.1235653  0.0039143  0.7148     0.7500   91.80       81.56      135.36       6.021        5.014
        7    6.0150   179.0127  182.4129  0.2176893  0.3000000  0.0733649  0.1235650  0.0039189  0.7149     0.7500   91.69       81.46      135.20       6.014        5.008
        8    7.0175   178.8002  182.2005  0.2176902  0.3000000  0.0733650  0.1235647  0.0039235  0.7149     0.7500   91.58       81.36      135.04       6.007        5.002
        9    8.0200   178.5877  181.9881  0.2176910  0.3000000  0.0733651  0.1235645  0.0039282  0.7149     0.7500   91.47       81.27      134.88       6.000        4.996
       10    9.0226   178.3752  181.7757  0.2176919  0.3000000  0.0733652  0.1235642  0.0039328  0.7149     0.7500   91.36       81.17      134.73       5.993        4.990
       11   10.0251   178.1627  181.5634  0.2176928  0.3000000  0.0733652  0.1235639  0.0039375  0.7149     0.7500   91.25       81.08      134.57       5.986        4.985
       12   11.0276   177.9503  181.3510  0.2176937  0.3000000  0.0733653  0.1235637  0.0039422  0.7149     0.7500   91.15       80.98      134.41       5.979        4.979
       13   12.0301   177.7378  181.1386  0.2176946  0.3000000  0.0733654  0.1235634  0.0039468  0.7149     0.7500   91.04       80.88      134.25       5.972        4.973
       14   13.0326   177.5253  180.9262  0.2176955  0.3000000  0.0733655  0.1235631  0.0039515  0.7149     0.7500   90.93       80.79      134.09       5.965        4.967
       15   14.0351   177.3128  180.7138  0.2176964  0.3000000  0.0733656  0.1235629  0.0039562  0.7149     0.7500   90.82       80.69      133.94       5.957        4.961
       16   15.0376   177.1003  180.5014  0.2176973  0.3000000  0.0733657  0.1235626  0.0039610  0.7150     0.7500   90.71       80.59      133.78       5.950        4.956
       17   16.0401   176.8878  180.2891  0.2176982  0.3000000  0.0733658  0.1235623  0.0039657  0.7150     0.7500   90.60       80.50      133.62       5.943        4.950
       18   17.0426   176.6753  180.0767  0.2176991  0.3000000  0.0733659  0.1235620  0.0039704  0.7150     0.7500   90.49       80.40      133.46       5.936        4.944
       19   18.0451   176.4628  179.8643  0.2177000  0.3000000  0.0733660  0.1235618  0.0039752  0.7150     0.7500   90.39       80.31      133.30       5.929        4.938
       20   19.0476   176.2504  179.6519  0.2177010  0.3000000  0.0733660  0.1235615  0.0039800  0.7150     0.7500   90.28       80.21      133.14       5.922        4.932
       21   20.0501   176.0379  179.4395  0.2177019  0.3000000  0.0733661  0.1235612  0.0039847  0.7150     0.7500   90.17       80.11      132.99       5.915        4.927
       22   21.0526   175.8254  179.2272  0.2177029  0.3000000  0.0733662  0.1235609  0.0039895  0.7150     0.7500   90.06       80.02      132.83       5.908        4.921
       23   22.0551   175.6129  179.0148  0.2177038  0.3000000  0.0733663  0.1235606  0.0039943  0.7150     0.7500   89.95       79.92      132.67       5.901        4.915
       24   23.0576   175.4004  178.8024  0.2177048  0.3000000  0.0733664  0.1235603  0.0039991  0.7151     0.7500   89.84       79.82      132.51       5.894        4.909
       25   24.0602   175.1879  178.5900  0.2177058  0.3000000  0.0733665  0.1235601  0.0040039  0.7151     0.7500   89.74       79.73      132.35       5.887        4.903
       26   25.0627   174.9754  178.3776  0.2177067  0.3000000  0.0733666  0.1235598  0.0040088  0.7151     0.7500   89.63       79.63      132.20       5.880        4.898
       27   26.0652   174.7630  178.1652  0.2177077  0.3000000  0.0733667  0.1235595  0.0040136  0.7151     0.7500   89.52       79.53      132.04       5.873        4.892
       28   27.0677   174.5505  177.9529  0.2177087  0.3000000  0.0733668  0.1235592  0.0040185  0.7151     0.7500   89.41       79.44      131.88       5.866        4.886
       29   28.0702   174.3380  177.7405  0.2177097  0.3000000  0.0733669  0.1235589  0.0040234  0.7151     0.7500   89.30       79.34      131.72       5.859        4.880
       30   29.0727   174.1255  177.5281  0.2177107  0.3000000  0.0733670  0.1235586  0.0040282  0.7151     0.7500   89.19       79.25      131.56       5.852        4.874
       31   30.0752   173.9130  177.3157  0.2177117  0.3000000  0.0733671  0.1235583  0.0040331  0.7151     0.7500   89.08       79.15      131.41       5.845        4.869
       32   31.0777   173.7005  177.1034  0.2177127  0.3000000  0.0733672  0.1235580  0.0040380  0.7151     0.7500   88.98       79.05      131.25       5.838        4.863
       33   32.0802   173.4880  176.8910  0.2177137  0.3000000  0.0733673  0.1235577  0.0040429  0.7152     0.7500   88.87       78.96      131.09       5.831        4.857
       34   33.0827   173.2755  176.6786  0.2177147  0.3000000  0.0733674  0.1235574  0.0040479  0.7152     0.7500   88.76       78.86      130.93       5.824        4.851
       35   34.0852   173.0631  176.4662  0.2177157  0.3000000  0.0733675  0.1235571  0.0040528  0.7152     0.7500   88.65       78.76      130.77       5.817        4.845
       36   35.0877   172.8506  176.2538  0.2177168  0.3000000  0.0733676  0.1235568  0.0040578  0.7152     0.7500   88.54       78.67      130.61       5.810        4.839
       37   36.0902   172.6381  176.0415  0.2177178  0.3000000  0.0733677  0.1235565  0.0040627  0.7152     0.7500   88.43       78.57      130.46       5.803        4.834
       38   37.0927   172.4256  175.8291  0.2177188  0.3000000  0.0733678  0.1235562  0.0040677  0.7152     0.7500   88.32       78.47      130.30       5.796        4.828
       39   38.0952   172.2131  175.6167  0.2177199  0.3000000  0.0733679  0.1235559  0.0040727  0.7152     0.7500   88.22       78.38      130.14       5.789        4.822
       40   39.0977   172.0006  175.4043  0.2177209  0.3000000  0.0733680  0.1235556  0.0040777  0.7152     0.7500   88.11       78.28      129.98       5.782        4.816
       41   40.1003   171.7881  175.1920  0.2177220  0.3000000  0.0733681  0.1235553  0.0040827  0.7153     0.7500   88.00       78.18      129.82       5.775        4.810
       42   41.1028   171.5756  174.9796  0.2177230  0.3000000  0.0733682  0.1235550  0.0040877  0.7153     0.7500   87.89       78.09      129.66       5.768        4.805
       43   42.1053   171.3632  174.7672  0.2177241  0.3000000  0.0733683  0.1235547  0.0040928  0.7153     0.7500   87.78       77.99      129.51       5.761        4.799
       44   43.1078   171.1507  174.5548  0.2177252  0.3000000  0.0733684  0.1235543  0.0040978  0.7153     0.7500   87.67       77.90      129.35       5.754        4.793
       45   44.1103   170.9382  174.3425  0.2177263  0.3000000  0.0733685  0.1235540  0.0041029  0.7153     0.7500   87.56       77.80      129.19       5.747        4.786
       46   45.1128   170.7257  174.1301  0.2177274  0.3000000  0.0733686  0.1235537  0.0041080  0.7153     0.7500   87.46       77.70      129.03       5.740        4.780
       47   46.1153   170.5132  173.9177  0.2177285  0.3000000  0.0733688  0.1235534  0.0041131  0.7153     0.7500   87.35       77.61      128.87       5.733        4.775
       48   47.1178   170.3007  173.7053  0.2177295  0.3000000  0.0733689  0.1235531  0.0041182  0.7153     0.7500   87.24       77.51      128.72       5.726        4.770
       49   48.1203   170.0882  173.4930  0.2177306  0.3000000  0.0733690  0.1235527  0.0041233  0.7154     0.7500   87.13       77.41      128.56       5.719        4.764
       50   49.1228   169.8758  173.2806  0.2177318  0.3000000  0.0733691  0.1235524  0.0041284  0.7154     0.7500   87.02       77.32      128.40       5.712        4.758
       51   50.1253   169.6633  173.0682  0.2177329  0.3000000  0.0733692  0.1235521  0.0041335  0.7154     0.7500   86.91       77.22      128.24       5.705        4.752
       52   51.1278   169.4508  172.8558  0.2177340  0.3000000  0.0733693  0.1235518  0.0041387  0.7154     0.7500   86.80       77.12      128.08       5.698        4.747
       53   52.1303   169.2383  172.6435  0.2177351  0.3000000  0.0733694  0.1235514  0.0041439  0.7154     0.7500   86.70       77.03      127.92       5.691        4.741
       54   53.1328   169.0258  172.4311  0.2177363  0.3000000  0.0733695  0.1235511  0.0041490  0.7154     0.7500   86.59       76.93      127.77       5.684        4.735
       55   54.1353   168.8133  172.2187  0.2177374  0.3000000  0.0733696  0.1235508  0.0041542  0.7154     0.7500   86.48       76.83      127.61       5.677        4.729
       56   55.1378   168.6008  172.0064  0.2177385  0.3000000  0.0733697  0.1235504  0.0041594  0.7154     0.7500   86.37       76.74      127.45       5.670        4.723
       57   56.1404   168.3883  171.7940  0.2177397  0.3000000  0.0733699  0.1235501  0.0041646  0.7155     0.7500   86.26       76.64      127.29       5.663        4.718
       58   57.1429   168.1759  171.5816  0.2177409  0.3000000  0.0733700  0.1235498  0.0041699  0.7155     0.7500   86.15       76.54      127.13       5.656        4.712
       59   58.1454   167.9634  171.3692  0.2177420  0.3000000  0.0733701  0.1235494  0.0041751  0.7155     0.7500   86.04       76.45      126.97       5.649        4.706
       60   59.1479   167.7509  171.1569  0.2177432  0.3000000  0.0733702  0.1235491  0.0041804  0.7155     0.7500   85.93       76.35      126.82       5.642        4.700
       61   60.1504   167.5384  170.9445  0.2177444  0.3000000  0.0733703  0.1235488  0.0041856  0.7155     0.7500   85.83       76.25      126.66       5.635        4.694
       62   61.1529   167.3259  170.7321  0.2177456  0.3000000  0.0733704  0.1235484  0.0041909  0.7155     0.7500   85.72       76.16      126.50       5.628        4.689
       63   62.1554   167.1134  170.5198  0.2177467  0.3000000  0.0733706  0.1235481  0.0041962  0.7155     0.7500   85.61       76.06      126.34       5.621        4.683
       64   63.1579   166.9009  170.3074  0.2177479  0.3000000  0.0733707  0.1235477  0.0042015  0.7156     0.7500   85.50       75.97      126.18       5.614        4.677
       65   64.1604   166.6884  170.0950  0.2177492  0.3000000  0.0733708  0.1235474  0.0042068  0.7156     0.7500   85.39       75.87      126.02       5.607        4.671
       66   65.1629   166.4760  169.8827  0.2177504  0.3000000  0.0733709  0.1235470  0.0042122  0.7156     0.7500   85.28       75.77      125.87       5.600        4.665
       67   66.1654   166.2635  169.6703  0.2177516  0.3000000  0.0733710  0.1235467  0.0042175  0.7156     0.7500   85.17       75.68      125.71       5.593        4.659
       68   67.1679   166.0510  169.4579  0.2177528  0.3000000  0.0733712  0.1235463  0.0042229  0.7156     0.7500   85.06       75.58      125.55       5.586        4.654
       69   68.1704   165.8385  169.2456  0.2177540  0.3000000  0.0733713  0.1235460  0.0042283  0.7156     0.7500   84.96       75.48      125.39       5.579        4.648
       70   69.1729   165.6260  169.0332  0.2177553  0.3000000  0.0733714  0.1235456  0.0042337  0.7156     0.7500   84.85       75.39      125.23       5.572        4.642
       71   70.1754   165.4135  168.8208  0.2177565  0.3000000  0.0733715  0.1235453  0.0042391  0.7156     0.7500   84.74       75.29      125.07       5.565        4.636
       72   71.1779   165.2010  168.6085  0.2177578  0.3000000  0.0733717  0.1235449  0.0042445  0.7157     0.7500   84.63       75.19      124.92       5.558        4.630
       73   72.1805   164.9886  168.3961  0.2177591  0.3000000  0.0733718  0.1235445  0.0042499  0.7157     0.7500   84.52       75.10      124.76       5.551        4.625
       74   73.1830   164.7761  168.1837  0.2177603  0.3000000  0.0733719  0.1235442  0.0042554  0.7157     0.7500   84.41       75.00      124.60       5.544        4.619
       75   74.1855   164.5636  167.9714  0.2177616  0.3000000  0.0733720  0.1235438  0.0042608  0.7157     0.7500   84.30       74.90      124.44       5.537        4.613
       76   75.1880   164.3511  167.7590  0.2177629  0.3000000  0.0733722  0.1235434  0.0042663  0.7157     0.7500   84.19       74.81      124.28       5.530        4.607
       77   76.1905   164.1386  167.5466  0.2177642  0.3000000  0.0733723  0.1235431  0.0042718  0.7157     0.7500   84.09       74.71      124.12       5.523        4.601
       78   77.1930   163.9261  167.3343  0.2177655  0.3000000  0.0733724  0.1235427  0.0042773  0.7157     0.7500   83.98       74.61      123.97       5.516        4.595
       79   78.1955   163.7136  167.1219  0.2177670  0.3000000  0.0733726  0.1235423  0.0042828  0.7158     0.7500   83.87       74.52      123.81       5.509        4.590
       80   79.1980   163.5011  166.9096  0.2177686  0.3000000  0.0733727  0.1235419  0.0042884  0.7158     0.7500   83.76       74.42      123.65       5.502        4.583
       81   80.2005   163.2887  166.6972  0.2177702  0.3000000  0.0733729  0.1235414  0.0042939  0.7158     0.7500   83.65       74.32      123.49       5.495        4.577
       82   81.2030   163.0762  166.4849  0.2177718  0.3000000  0.0733731  0.1235410  0.0042995  0.7158     0.7500   83.54       74.22      123.33       5.488        4.571
       83   82.2055   162.8637  166.2725  0.2177733  0.3000000  0.0733732  0.1235406  0.0043051  0.7158     0.7500   83.43       74.13      123.17       5.481        4.567
       84   83.2080   162.6512  166.0602  0.2177749  0.3000000  0.0733734  0.1235401  0.0043107  0.7158     0.7500   83.32       74.03      123.01       5.474        4.561
       85   84.2105   162.4387  165.8478  0.2177765  0.3000000  0.0733735  0.1235397  0.0043163  0.7158     0.7500   83.21       73.93      122.85       5.467        4.555
       86   85.2130   162.2262  165.6355  0.2177782  0.3000000  0.0733737  0.1235392  0.0043219  0.7159     0.7500   83.10       73.84      122.70       5.460        4.549
       87   86.2155   162.0137  165.4231  0.2177798  0.3000000  0.0733739  0.1235388  0.0043276  0.7159     0.7500   82.99       73.74      122.54       5.453        4.543
       88   87.2180   161.8013  165.2108  0.2177814  0.3000000  0.0733740  0.1235384  0.0043332  0.7159     0.7500   82.88       73.64      122.38       5.446        4.538
       89   88.2206   161.5888  164.9984  0.2177831  0.3000000  0.0733742  0.1235379  0.0043389  0.7159     0.7500   82.78       73.54      122.22       5.439        4.532
       90   89.2231   161.3763  164.7861  0.2177847  0.3000000  0.0733744  0.1235375  0.0043446  0.7159     0.7500   82.67       73.45      122.06       5.432        4.526
       91   90.2256   161.1638  164.5737  0.2177864  0.3000000  0.0733745  0.1235370  0.0043503  0.7159     0.7500   82.56       73.35      121.90       5.424        4.520
       92   91.2281   160.9513  164.3614  0.2177881  0.3000000  0.0733747  0.1235366  0.0043560  0.7160     0.7500   82.45       73.25      121.74       5.417        4.514
       93   92.2306   160.7388  164.1490  0.2177898  0.3000000  0.0733749  0.1235361  0.0043617  0.7160     0.7500   82.34       73.16      121.58       5.410        4.508
       94   93.2331   160.5263  163.9367  0.2177915  0.3000000  0.0733750  0.1235356  0.0043675  0.7160     0.7500   82.23       73.06      121.43       5.403        4.503
       95   94.2356   160.3138  163.7244  0.2177932  0.3000000  0.0733752  0.1235352  0.0043733  0.7160     0.7500   82.12       72.96      121.27       5.396        4.497
       96   95.2381   160.1014  163.5120  0.2177949  0.3000000  0.0733754  0.1235347  0.0043790  0.7160     0.7500   82.01       72.86      121.11       5.389        4.491
       97   96.2406   159.8889  163.2997  0.2177966  0.3000000  0.0733755  0.1235342  0.0043848  0.7160     0.7500   81.90       72.77      120.95       5.382        4.485
       98   97.2431   159.6764  163.0873  0.2177984  0.3000000  0.0733757  0.1235338  0.0043906  0.7161     0.7500   81.79       72.67      120.79       5.375        4.479
       99   98.2456   159.4639  162.8750  0.2178001  0.3000000  0.0733759  0.1235333  0.0043965  0.7161     0.7500   81.68       72.57      120.63       5.368        4.474
      100   99.2481   159.2514  162.6626  0.2178019  0.3000000  0.0733761  0.1235328  0.0044023  0.7161     0.7500   81.57       72.47      120.47       5.361        4.468
      101  100.2506   159.0389  162.4503  0.2178036  0.3000000  0.0733762  0.1235324  0.0044082  0.7161     0.7500   81.46       72.38      120.31       5.354        4.462
      102  101.2531   158.8264  162.2380  0.2178054  0.3000000  0.0733764  0.1235319  0.0044140  0.7161     0.7500   81.35       72.28      120.16       5.347        4.456
      103  102.2556   158.6139  162.0256  0.2178072  0.3000000  0.0733766  0.1235314  0.0044199  0.7161     0.7500   81.24       72.18      120.00       5.340        4.450
      104  103.2581   158.4015  161.8133  0.2178090  0.3000000  0.0733768  0.1235309  0.0044258  0.7162     0.7500   81.13       72.09      119.84       5.333        4.445
      105  104.2607   158.1890  161.6009  0.2178108  0.3000000  0.0733770  0.1235304  0.0044317  0.7162     0.7500   81.03       71.99      119.68       5.326        4.439
      106  105.2632   157.9765  161.3886  0.2178126  0.3000000  0.0733771  0.1235299  0.0044377  0.7162     0.7500   80.92       71.89      119.52       5.319        4.433
      107  106.2657   157.7640  161.1763  0.2178144  0.3000000  0.0733773  0.1235295  0.0044436  0.7162     0.7500   80.81       71.79      119.36       5.312        4.427
      108  107.2682   157.5515  160.9639  0.2178162  0.3000000  0.0733775  0.1235290  0.0044496  0.7162     0.7500   80.70       71.70      119.20       5.305        4.421
      109  108.2707   157.3390  160.7516  0.2178181  0.3000000  0.0733777  0.1235285  0.0044556  0.7162     0.7500   80.59       71.60      119.04       5.298        4.416
      110  109.2732   157.1265  160.5392  0.2178199  0.3000000  0.0733779  0.1235280  0.0044616  0.7163     0.7500   80.48       71.50      118.88       5.291        4.410
      111  110.2757   156.9141  160.3269  0.2178218  0.3000000  0.0733781  0.1235275  0.0044676  0.7163     0.7500   80.37       71.40      118.73       5.284        4.404
      112  111.2782   156.7016  160.1146  0.2178237  0.3000000  0.0733783  0.1235270  0.0044736  0.7163     0.7500   80.26       71.31      118.57       5.277        4.398
      113  112.2807   156.4891  159.9022  0.2178255  0.3000000  0.0733784  0.1235265  0.0044797  0.7163     0.7500   80.15       71.21      118.41       5.270        4.392
      114  113.2832   156.2766  159.6899  0.2178274  0.3000000  0.0733786  0.1235260  0.0044857  0.7163     0.7500   80.04       71.11      118.25       5.263        4.387
      115  114.2857   156.0641  159.4776  0.2178293  0.3000000  0.0733788  0.1235254  0.0044918  0.7163     0.7500   79.93       71.01      118.09       5.256        4.381
      116  115.2882   155.8516  159.2652  0.2178313  0.3000000  0.0733790  0.1235249  0.0044979  0.7164     0.7500   79.82       70.92      117.93       5.249        4.375
      117  116.2907   155.6391  159.0529  0.2178332  0.3000000  0.0733792  0.1235244  0.0045040  0.7164     0.7500   79.71       70.82      117.77       5.242        4.369
      118  117.2932   155.4266  158.8406  0.2178351  0.3000000  0.0733794  0.1235239  0.0045101  0.7164     0.7500   79.60       70.72      117.61       5.235        4.363
      119  118.2957   155.2142  158.6282  0.2178371  0.3000000  0.0733796  0.1235234  0.0045168  0.7165     0.7501   79.49       70.63      117.45       5.228        4.358
      120  119.2982   155.0017  158.4159  0.2178390  0.3000000  0.0733798  0.1235229  0.0045229  0.7165     0.7500   79.38       70.53      117.30       5.221        4.352
      121  120.3008   154.7892  158.2036  0.2178410  0.3000000  0.0733800  0.1235223  0.0045291  0.7165     0.7500   79.27       70.43      117.14       5.214        4.346
      122  121.3033   154.5767  157.9912  0.2178430  0.3000000  0.0733802  0.1235218  0.0045353  0.7165     0.7500   79.16       70.34      116.98       5.207        4.340
      123  122.3058   154.3642  157.7789  0.2178450  0.3000000  0.0733804  0.1235213  0.0045415  0.7166     0.7500   79.05       70.24      116.82       5.200        4.334
      124  123.3083   154.1517  157.5666  0.2178470  0.3000000  0.0733806  0.1235207  0.0045477  0.7166     0.7500   78.94       70.14      116.66       5.193        4.329
      125  124.3108   153.9392  157.3542  0.2178490  0.3000000  0.0733808  0.1235202  0.0045540  0.7166     0.7500   78.83       70.04      116.50       5.186        4.323
      126  125.3133   153.7267  157.1419  0.2178510  0.3000000  0.0733810  0.1235197  0.0045602  0.7166     0.7500   78.73       69.95      116.34       5.179        4.317
      127  126.3158   153.5143  156.9296  0.2178530  0.3000000  0.0733812  0.1235191  0.0045665  0.7166     0.7500   78.62       69.85      116.18       5.172        4.311
      128  127.3183   153.3018  156.7172  0.2178551  0.3000000  0.0733814  0.1235186  0.0045728  0.7166     0.7500   78.51       69.75      116.02       5.165        4.305
      129  128.3208   153.0893  156.5049  0.2178571  0.3000000  0.0733816  0.1235180  0.0045791  0.7167     0.7500   78.40       69.65      115.86       5.158        4.299
      130  129.3233   152.8768  156.2926  0.2178592  0.3000000  0.0733818  0.1235175  0.0045855  0.7167     0.7500   78.29       69.56      115.70       5.151        4.294
      131  130.3258   152.6643  156.0802  0.2178603  0.3000000  0.0733819  0.1235171  0.0045918  0.7167     0.7500   78.18       69.46      115.55       5.144        4.288
      132  131.3283   152.4518  155.8678  0.2178604  0.3000000  0.0733820  0.1235170  0.0045980  0.7167     0.7500   78.07       69.37      115.39       5.137        4.282
      133  132.3308   152.2393  155.6553  0.2178590  0.3000000  0.0733818  0.1235172  0.0046043  0.7167     0.7500   77.97       69.27      115.23       5.130        4.276
      134  133.3333   152.0268  155.4427  0.2178557  0.3000000  0.0733815  0.1235177  0.0046104  0.7167     0.7500   77.87       69.19      115.08       5.123        4.270
      135  134.3358   151.8144  155.2301  0.2178514  0.3000000  0.0733810  0.1235185  0.0046166  0.7166     0.7500   77.77       69.10      114.93       5.116        4.265
      136  135.3383   151.6019  155.0173  0.2178454  0.3000000  0.0733804  0.1235197  0.0046226  0.7166     0.7500   77.67       69.01      114.78       5.109        4.259
      137  136.3409   151.3894  154.8045  0.2178375  0.3000000  0.0733796  0.1235212  0.0046286  0.7165     0.7500   77.58       68.93      114.63       5.102        4.253
      138  137.3434   151.1769  154.5917  0.2178285  0.3000000  0.0733786  0.1235230  0.0046346  0.7165     0.7500   77.48       68.85      114.48       5.095        4.247
      139  138.3459   150.9644  154.3787  0.2178179  0.3000000  0.0733775  0.1235251  0.0046405  0.7164     0.7500   77.39       68.78      114.34       5.088        4.241
      140  139.3484   150.7519  154.1657  0.2178054  0.3000000  0.0733762  0.1235276  0.0046464  0.7163     0.7500   77.31       68.70      114.19       5.081        4.236
      141  140.3509   150.5394  153.9526  0.2177916  0.3000000  0.0733748  0.1235303  0.0046522  0.7162     0.7500   77.22       68.63      114.05       5.074        4.230
      142  141.3534   150.3270  153.7395  0.2177762  0.3000000  0.0733732  0.1235335  0.0046579  0.7161     0.7500   77.14       68.56      113.91       5.067        4.224
      143  142.3559   150.1145  153.5262  0.2177589  0.3000000  0.0733714  0.1235370  0.0046636  0.7160     0.7500   77.06       68.50      113.77       5.061        4.218
      144  143.3584   149.9020  153.3129  0.2177403  0.3000000  0.0733695  0.1235407  0.0046692  0.7159     0.7500   76.98       68.44      113.63       5.054        4.212
      145  144.3609   149.6895  153.0996  0.2177201  0.3000000  0.0733674  0.1235449  0.0046748  0.7157     0.7500   76.91       68.37      113.50       5.047        4.207
      146  145.3634   149.4770  152.8861  0.2176978  0.3000000  0.0733651  0.1235494  0.0046804  0.7156     0.7500   76.84       68.32      113.36       5.040        4.201
      147  146.3659   149.2645  152.6726  0.2176742  0.3000000  0.0733627  0.1235542  0.0046858  0.7154     0.7500   76.77       68.26      113.23       5.033        4.195
      148  147.3684   149.0520  152.4832  0.2182183  0.3000000  0.0734190  0.1234448  0.0047142  0.7188     0.7500   76.23       67.38      112.49       5.022        4.189
      149  148.3709   148.8395  152.2708  0.2182207  0.3000000  0.0734192  0.1234442  0.0047208  0.7188     0.7500   76.12       67.28      112.33       5.015        4.183
      150  149.3734   148.6271  152.0585  0.2182231  0.3000000  0.0734194  0.1234435  0.0047275  0.7189     0.7500   76.01       67.19      112.17       5.008        4.178
      151  150.3759   148.4146  151.8462  0.2182256  0.3000000  0.0734197  0.1234429  0.0047342  0.7189     0.7500   75.90       67.09      112.01       5.001        4.172
      152  151.3784   148.2021  151.6338  0.2182281  0.3000000  0.0734199  0.1234423  0.0047410  0.7189     0.7500   75.79       66.99      111.86       4.994        4.166
      153  152.3810   147.9896  151.4215  0.2182306  0.3000000  0.0734202  0.1234416  0.0047477  0.7189     0.7500   75.68       66.89      111.70       4.987        4.160
      154  153.3835   147.7771  151.2092  0.2182331  0.3000000  0.0734204  0.1234410  0.0047545  0.7189     0.7500   75.57       66.80      111.54       4.980        4.154
      155  154.3860   147.5646  150.9968  0.2182356  0.3000000  0.0734207  0.1234404  0.0047613  0.7189     0.7500   75.46       66.70      111.38       4.973        4.149
      156  155.3885   147.3521  150.7845  0.2182381  0.3000000  0.0734210  0.1234397  0.0047681  0.7190     0.7500   75.35       66.60      111.22       4.966        4.143
      157  156.3910   147.1397  150.5722  0.2182406  0.3000000  0.0734212  0.1234391  0.0047749  0.7190     0.7500   75.24       66.51      111.06       4.959        4.137
      158  157.3935   146.9272  150.3598  0.2182432  0.3000000  0.0734215  0.1234384  0.0047818  0.7190     0.7500   75.13       66.41      110.90       4.952        4.131
      159  158.3960   146.7147  150.1475  0.2182457  0.3000000  0.0734217  0.1234377  0.0047887  0.7190     0.7500   75.02       66.31      110.74       4.945        4.125
      160  159.3985   146.5022  149.9352  0.2182483  0.3000000  0.0734220  0.1234371  0.0047955  0.7190     0.7500   74.91       66.21      110.58       4.938        4.120
      161  160.4010   146.2897  149.7229  0.2182509  0.3000000  0.0734223  0.1234364  0.0048025  0.7190     0.7500   74.80       66.12      110.43       4.931        4.114
      162  161.4035   146.0772  149.5105  0.2182535  0.3000000  0.0734225  0.1234357  0.0048094  0.7191     0.7500   74.69       66.02      110.27       4.924        4.108
      163  162.4060   145.8647  149.2982  0.2182561  0.3000000  0.0734228  0.1234351  0.0048163  0.7191     0.7500   74.58       65.92      110.11       4.917        4.102
      164  163.4085   145.6522  149.0859  0.2182588  0.3000000  0.0734231  0.1234344  0.0048233  0.7191     0.7500   74.47       65.83      109.95       4.910        4.096
      165  164.4110   145.4398  148.8735  0.2182614  0.3000000  0.0734233  0.1234337  0.0048303  0.7191     0.7500   74.36       65.73      109.79       4.903        4.090
      166  165.4135   145.2273  148.6612  0.2182641  0.3000000  0.0734236  0.1234330  0.0048373  0.7191     0.7500   74.25       65.63      109.63       4.896        4.085
      167  166.4160   145.0148  148.4489  0.2182668  0.3000000  0.0734239  0.1234324  0.0048443  0.7191     0.7500   74.14       65.53      109.47       4.889        4.079
      168  167.4185   144.8023  148.2366  0.2182695  0.3000000  0.0734241  0.1234317  0.0048514  0.7192     0.7500   74.03       65.44      109.31       4.882        4.073
      169  168.4211   144.5898  148.0242  0.2182722  0.3000000  0.0734244  0.1234310  0.0048585  0.7192     0.7500   73.92       65.34      109.15       4.875        4.067
      170  169.4236   144.3773  147.8119  0.2182749  0.3000000  0.0734247  0.1234303  0.0048656  0.7192     0.7500   73.81       65.24      108.99       4.868        4.061
      171  170.4261   144.1648  147.5996  0.2182776  0.3000000  0.0734250  0.1234296  0.0048727  0.7192     0.7500   73.70       65.14      108.84       4.861        4.056
      172  171.4286   143.9523  147.3873  0.2182804  0.3000000  0.0734252  0.1234289  0.0048798  0.7192     0.7500   73.59       65.05      108.68       4.854        4.049
      173  172.4311   143.7399  147.1749  0.2182832  0.3000000  0.0734255  0.1234282  0.0048870  0.7192     0.7500   73.48       64.95      108.52       4.847        4.043
      174  173.4336   143.5274  146.9626  0.2182860  0.3000000  0.0734258  0.1234275  0.0048941  0.7193     0.7500   73.37       64.85      108.36       4.840        4.037
      175  174.4361   143.3149  146.7503  0.2182888  0.3000000  0.0734261  0.1234267  0.0049013  0.7193     0.7500   73.26       64.76      108.20       4.833        4.032
      176  175.4386   143.1024  146.5380  0.2182915  0.3000000  0.0734264  0.1234260  0.0049085  0.7193     0.7500   73.15       64.66      108.04       4.826        4.027
      177  176.4411   142.8899  146.3257  0.2182943  0.3000000  0.0734267  0.1234253  0.0049158  0.7193     0.7500   73.04       64.56      107.88       4.819        4.021
      178  177.4436   142.6774  146.1133  0.2182972  0.3000000  0.0734269  0.1234246  0.0049230  0.7193     0.7500   72.93       64.46      107.72       4.812        4.015
      179  178.4461   142.4649  145.9010  0.2183000  0.3000000  0.0734272  0.1234239  0.0049303  0.7193     0.7500   72.82       64.37      107.56       4.805        4.009
      180  179.4486   142.2525  145.6887  0.2183029  0.3000000  0.0734275  0.1234231  0.0049376  0.7194     0.7500   72.71       64.27      107.40       4.798        4.003
      181  180.4511   142.0400  145.4764  0.2183058  0.3000000  0.0734278  0.1234224  0.0049450  0.7194     0.7500   72.60       64.17      107.24       4.791        3.998
      182  181.4536   141.8275  145.2641  0.2183087  0.3000000  0.0734281  0.1234216  0.0049523  0.7194     0.7500   72.49       64.07      107.09       4.784        3.992
      183  182.4561   141.6150  145.0517  0.2183116  0.3000000  0.0734284  0.1234209  0.0049597  0.7194     0.7500   72.38       63.98      106.93       4.777        3.986
      184  183.4586   141.4025  144.8394  0.2183146  0.3000000  0.0734287  0.1234202  0.0049671  0.7194     0.7500   72.27       63.88      106.77       4.770        3.980
      185  184.4612   141.1900  144.6271  0.2183175  0.3000000  0.0734290  0.1234194  0.0049745  0.7194     0.7500   72.16       63.78      106.61       4.763        3.974
      186  185.4637   140.9775  144.4148  0.2183205  0.3000000  0.0734293  0.1234187  0.0049819  0.7195     0.7500   72.05       63.68      106.45       4.755        3.969
      187  186.4662   140.7650  144.2025  0.2183235  0.3000000  0.0734296  0.1234179  0.0049894  0.7195     0.7500   71.94       63.59      106.29       4.748        3.963
      188  187.4687   140.5526  143.9902  0.2183265  0.3000000  0.0734299  0.1234171  0.0049968  0.7195     0.7500   71.83       63.49      106.13       4.741        3.957
      189  188.4712   140.3401  143.7779  0.2183296  0.3000000  0.0734302  0.1234164  0.0050043  0.7195     0.7500   71.72       63.39      105.97       4.734        3.951
      190  189.4737   140.1276  143.5655  0.2183326  0.3000000  0.0734305  0.1234156  0.0050119  0.7195     0.7500   71.61       63.29      105.81       4.727        3.945
      191  190.4762   139.9151  143.3532  0.2183357  0.3000000  0.0734308  0.1234148  0.0050194  0.7195     0.7500   71.50       63.20      105.65       4.720        3.940
      192  191.4787   139.7026  143.1409  0.2183387  0.3000000  0.0734311  0.1234140  0.0050270  0.7196     0.7500   71.39       63.10      105.49       4.713        3.934
      193  192.4812   139.4901  142.9286  0.2183418  0.3000000  0.0734315  0.1234133  0.0050346  0.7196     0.7500   71.28       63.00      105.33       4.706        3.928
      194  193.4837   139.2776  142.7163  0.2183449  0.3000000  0.0734318  0.1234125  0.0050422  0.7196     0.7500   71.17       62.90      105.17       4.699        3.922
      195  194.4862   139.0651  142.5040  0.2183481  0.3000000  0.0734321  0.1234117  0.0050498  0.7196     0.7500   71.06       62.81      105.02       4.692        3.916
      196  195.4887   138.8527  142.2917  0.2183512  0.3000000  0.0734324  0.1234109  0.0050575  0.7196     0.7500   70.95       62.71      104.86       4.685        3.911
      197  196.4912   138.6402  142.0794  0.2183544  0.3000000  0.0734327  0.1234101  0.0050652  0.7197     0.7500   70.84       62.61      104.70       4.678        3.905
      198  197.4937   138.4277  141.8670  0.2183576  0.3000000  0.0734331  0.1234093  0.0050729  0.7197     0.7500   70.73       62.51      104.54       4.671        3.899
      199  198.4962   138.2152  141.6547  0.2183608  0.3000000  0.0734334  0.1234085  0.0050806  0.7197     0.7500   70.62       62.42      104.38       4.664        3.893
      200  199.4987   138.0027  141.4424  0.2183640  0.3000000  0.0734337  0.1234076  0.0050884  0.7197     0.7500   70.51       62.32      104.22       4.657        3.887
