Section # | X1 | X2 | T1 | T2 | r

        1  0.2176845|0.3000000|0.0733644|0.1235665|0.0038914
        2  0.2176869|0.3000000|0.0733647|0.1235659|0.0038988
        3  0.2176870|0.3000000|0.0733647|0.1235657|0.0039062
        4  0.2176885|0.3000000|0.0733648|0.1235653|0.0039138
        5  0.2176903|0.3000000|0.0733650|0.1235647|0.0039213
        6  0.2176904|0.3000000|0.0733650|0.1235646|0.0039288
        7  0.2176924|0.3000000|0.0733652|0.1235641|0.0039364
        8  0.2176945|0.3000000|0.0733654|0.1235635|0.0039440
        9  0.2176946|0.3000000|0.0733654|0.1235633|0.0039516
       10  0.2176965|0.3000000|0.0733656|0.1235628|0.0039593
       11  0.2176980|0.3000000|0.0733658|0.1235623|0.0039670
       12  0.2177001|0.3000000|0.0733660|0.1235618|0.0039748
       13  0.2177000|0.3000000|0.0733659|0.1235616|0.0039825
       14  0.2177038|0.3000000|0.0733663|0.1235607|0.0039904
       15  0.2177042|0.3000000|0.0733664|0.1235605|0.0039981
       16  0.2177080|0.3000000|0.0733667|0.1235595|0.0040061
       17  0.2177078|0.3000000|0.0733667|0.1235595|0.0040139
       18  0.2177096|0.3000000|0.0733669|0.1235589|0.0040218
       19  0.2177116|0.3000000|0.0733671|0.1235584|0.0040298
       20  0.2177116|0.3000000|0.0733671|0.1235582|0.0040377
       21  0.2177158|0.3000000|0.0733675|0.1235572|0.0040458
       22  0.2177158|0.3000000|0.0733675|0.1235571|0.0040538
       23  0.2177174|0.3000000|0.0733677|0.1235566|0.0040619
       24  0.2177193|0.3000000|0.0733678|0.1235561|0.0040700
       25  0.2177212|0.3000000|0.0733680|0.1235555|0.0040781
       26  0.2177232|0.3000000|0.0733682|0.1235550|0.0040863
       27  0.2177255|0.3000000|0.0733685|0.1235543|0.0040946
       28  0.2177275|0.3000000|0.0733687|0.1235538|0.0041028
       29  0.2177295|0.3000000|0.0733689|0.1235532|0.0041111
       30  0.2177310|0.3000000|0.0733690|0.1235527|0.0041194
       31  0.2177309|0.3000000|0.0733690|0.1235526|0.0041276
       32  0.2177349|0.3000000|0.0733694|0.1235516|0.0041361
       33  0.2177368|0.3000000|0.0733696|0.1235511|0.0041445
       34  0.2177372|0.3000000|0.0733696|0.1235508|0.0041529
       35  0.2177391|0.3000000|0.0733698|0.1235503|0.0041614
       36  0.2177408|0.3000000|0.0733700|0.1235498|0.0041699
       37  0.2177426|0.3000000|0.0733701|0.1235493|0.0041784
       38  0.2177446|0.3000000|0.0733703|0.1235487|0.0041870
       39  0.2177466|0.3000000|0.0733705|0.1235481|0.0041956
       40  0.2177488|0.3000000|0.0733708|0.1235475|0.0042043
       41  0.2177509|0.3000000|0.0733710|0.1235469|0.0042130
       42  0.2177524|0.3000000|0.0733711|0.1235464|0.0042217
       43  0.2177544|0.3000000|0.0733713|0.1235459|0.0042304
       44  0.2177563|0.3000000|0.0733715|0.1235453|0.0042392
       45  0.2177602|0.3000000|0.0733719|0.1235443|0.0042481
       46  0.2177626|0.3000000|0.0733721|0.1235437|0.0042570
       47  0.2177626|0.3000000|0.0733721|0.1235435|0.0042658
       48  0.2177665|0.3000000|0.0733725|0.1235425|0.0042748
       49  0.2177681|0.3000000|0.0733727|0.1235420|0.0042838
       50  0.2177681|0.3000000|0.0733727|0.1235419|0.0042927
